0.999993 -0.0033721 -0.0014702 0.684118 0.00336839 0.999991 -0.00257183 -0.00138882 0.00147886 0.00256686 0.999996 0.0107604
0.999982 -0.00543065 -0.00264516 1.54221 0.0054253 0.999983 -0.00206646 0.0452025 0.00265633 0.00205206 0.999994 0.033453
0.999965 -0.00748816 -0.00382208 2.40028 0.0074823 0.999971 -0.001566 0.091791 0.00383369 0.00153734 0.999992 0.0561439
0.999942 -0.00954411 -0.00500069 3.25815 0.00953897 0.999954 -0.00107057 0.138367 0.00501067 0.0010228 0.999987 0.0788282
0.999914 -0.0115994 -0.00618153 4.11624 0.0115962 0.999933 -0.00057994 0.184952 0.00618783 0.000508212 0.999981 0.101517
0.99988 -0.0136535 -0.00736423 4.97428 0.0136532 0.999907 -9.42647e-05 0.231532 0.00736482 -6.29388e-06 0.999973 0.124202
0.99984 -0.0157059 -0.00854859 5.83213 0.0157099 0.999877 0.00038638 0.278101 0.00854146 -0.000520609 0.999963 0.146882
0.999795 -0.0177574 -0.00973488 6.69002 0.0177667 0.999842 0.000862099 0.32467 0.00971803 -0.00103488 0.999952 0.169561
0.999744 -0.019808 -0.0109232 7.54805 0.0198238 0.999803 0.00133295 0.371243 0.0108947 -0.00154915 0.99994 0.192242
0.999688 -0.0218579 -0.0121138 8.40629 0.0218814 0.999759 0.00179897 0.417827 0.0120715 -0.00206348 0.999925 0.214928
0.999626 -0.0239062 -0.0133058 9.26434 0.0239385 0.999711 0.00225993 0.464398 0.013248 -0.0025776 0.999909 0.237607
0.999558 -0.0259529 -0.0144994 10.1222 0.0259949 0.999659 0.0027158 0.510954 0.014424 -0.00309151 0.999891 0.260279
0.999485 -0.0279987 -0.0156951 10.9802 0.0280518 0.999602 0.00316681 0.557518 0.0156002 -0.00360545 0.999872 0.282954
0.999406 -0.0300434 -0.0168925 11.8382 0.0301086 0.99954 0.00361284 0.60408 0.0167762 -0.00411931 0.999851 0.305628
0.999345 -0.0319592 -0.0169773 12.6933 0.0320057 0.999485 0.00246684 0.649655 0.0168897 -0.0030086 0.999853 0.32712
0.999233 -0.0341221 -0.0192391 13.5537 0.0342131 0.999405 0.00441443 0.697129 0.019077 -0.00506927 0.999805 0.350905
0.99912 -0.0357532 -0.0219162 14.422 0.0358758 0.999343 0.00522197 0.746147 0.0217151 -0.00600364 0.999746 0.374771
0.999004 -0.0376552 -0.0239573 15.3007 0.0378749 0.999244 0.00877547 0.801301 0.0236087 -0.0096741 0.999674 0.400173
0.998953 -0.0390279 -0.0238501 16.1899 0.0392781 0.999177 0.0101084 0.854062 0.023436 -0.0110346 0.999664 0.42571
0.998927 -0.0406445 -0.0222074 17.0882 0.0408721 0.999116 0.00989033 0.907544 0.0217858 -0.0107874 0.999705 0.45253
0.998894 -0.0421691 -0.0207811 17.9929 0.0423858 0.99905 0.0100971 0.958166 0.0203356 -0.0109668 0.999733 0.478207
0.998854 -0.0433701 -0.0202264 18.9027 0.0435721 0.999004 0.00965117 1.01256 0.0197876 -0.0105214 0.999749 0.502307
0.998765 -0.0450769 -0.0208891 19.8161 0.0452884 0.998927 0.00975663 1.06488 0.0204268 -0.0106906 0.999734 0.526367
0.998691 -0.0461988 -0.0219771 20.7326 0.0463882 0.99889 0.00818188 1.11792 0.0215747 -0.00919064 0.999725 0.550792
0.998681 -0.0470309 -0.0205893 21.6581 0.0472001 0.998855 0.00780847 1.17031 0.0201984 -0.00876998 0.999758 0.575082
0.99875 -0.0470779 -0.0167733 22.5909 0.0472412 0.998839 0.0094691 1.22705 0.0163081 -0.0102497 0.999815 0.602141
0.998839 -0.0463595 -0.0130788 23.5273 0.0464964 0.998865 0.0103513 1.28192 0.012584 -0.0109474 0.999861 0.629934
0.998934 -0.0449846 -0.0103427 24.4687 0.0450829 0.998939 0.00946126 1.33364 0.00990608 -0.00991745 0.999902 0.653106
0.999008 -0.0435625 -0.00919771 25.4134 0.0436478 0.999004 0.00928258 1.3853 0.00878417 -0.00967483 0.999915 0.672231
0.999037 -0.0423415 -0.0114841 26.3603 0.0424514 0.999054 0.0094927 1.43647 0.0110713 -0.00997108 0.999889 0.690197
0.999007 -0.0413247 -0.016643 27.3121 0.0415015 0.999084 0.0104114 1.48805 0.0161975 -0.0110918 0.999807 0.70965
0.998991 -0.040092 -0.0202287 28.2699 0.0402973 0.999139 0.00983878 1.53745 0.0198168 -0.010644 0.999747 0.730796
0.99904 -0.0393646 -0.0192446 29.2374 0.0395152 0.999191 0.00750378 1.58478 0.0189337 -0.00825702 0.999787 0.755085
0.999111 -0.0396363 -0.0143768 30.2127 0.0397223 0.999194 0.00573882 1.63257 0.0141377 -0.00630479 0.99988 0.778662
0.999125 -0.0405655 -0.0101431 31.1917 0.0405939 0.999172 0.0026035 1.68041 0.0100291 -0.00301297 0.999945 0.801697
0.999084 -0.041637 -0.00989284 32.1702 0.0415887 0.999122 -0.00504196 1.72024 0.0100941 0.00462591 0.999938 0.820273
0.998971 -0.0432348 -0.0136865 33.1493 0.0431275 0.999037 -0.00805702 1.76706 0.0140217 0.00745847 0.999874 0.836545
0.998834 -0.0447518 -0.0181023 34.1325 0.044622 0.998976 -0.00752014 1.8213 0.0184203 0.00670362 0.999808 0.856937
0.998717 -0.0466562 -0.0196699 35.1404 0.0465281 0.998893 -0.00692813 1.87981 0.0199714 0.00600403 0.999783 0.890663
0.998706 -0.0477341 -0.0175202 36.1957 0.0476189 0.998842 -0.00693951 1.94348 0.0178311 0.00609624 0.999823 0.94923
0.998705 -0.048748 -0.0145687 37.2388 0.0486982 0.998807 -0.00376156 2.01072 0.0147346 0.00304722 0.999887 0.999671
0.998657 -0.0500275 -0.0135001 38.2811 0.0499857 0.998744 -0.00342649 2.07629 0.0136545 0.00274708 0.999903 1.04831
0.998632 -0.0510529 -0.0113408 39.3139 0.0510265 0.998694 -0.00261213 2.14042 0.0114594 0.00202988 0.999932 1.08758
0.998662 -0.0511744 -0.0074985 40.3498 0.0511525 0.998686 -0.00310782 2.2055 0.00764768 0.0027201 0.999967 1.12656
0.998648 -0.05163 -0.00609241 41.3715 0.0516468 0.998662 0.00260649 2.27955 0.00594968 -0.00291762 0.999978 1.1547
0.998652 -0.0515888 -0.00572377 42.3932 0.0516095 0.998661 0.00349306 2.35006 0.0055359 -0.00378375 0.999978 1.18252
0.998634 -0.0517244 -0.00737056 43.4038 0.0517489 0.998655 0.00314678 2.41588 0.00719787 -0.0035239 0.999968 1.20466
0.998621 -0.0514853 -0.0102372 44.4087 0.0515424 0.998656 0.00538247 2.48695 0.00994629 -0.00590269 0.999933 1.23116
0.998572 -0.0523718 -0.0105524 45.4088 0.0524309 0.99861 0.00538269 2.55152 0.0102558 -0.00592826 0.99993 1.26175
0.998516 -0.0537142 -0.00893921 46.4086 0.0537464 0.998549 0.00339075 2.6131 0.0087441 -0.00386617 0.999954 1.28995
0.998477 -0.0545864 -0.0079881 47.4033 0.0546168 0.998501 0.00361902 2.68028 0.00777857 -0.0040498 0.999962 1.32023
0.998444 -0.0548532 -0.0100705 48.3888 0.0549182 0.998471 0.00628943 2.75226 0.00971014 -0.0068327 0.99993 1.34848
0.99834 -0.0555233 -0.0153027 49.3668 0.0556316 0.998429 0.00673228 2.82288 0.0149049 -0.00757242 0.99986 1.37412
0.998295 -0.0559949 -0.0164865 50.3473 0.0561187 0.998399 0.0071352 2.88999 0.0160605 -0.00804824 0.999839 1.39934
0.998322 -0.0563377 -0.0133856 51.3289 0.0564333 0.998383 0.00686725 2.95488 0.0129771 -0.00761112 0.999887 1.43189
0.99834 -0.0566901 -0.0101959 52.3047 0.0567357 0.99838 0.00423211 3.01836 0.0099395 -0.00480356 0.999939 1.4591
0.998333 -0.0569904 -0.00909619 53.2753 0.0570192 0.998369 0.00292511 3.08287 0.00891464 -0.00343889 0.999954 1.48465
0.998317 -0.057165 -0.00971205 54.2377 0.0571671 0.998365 -6.26855e-05 3.14459 0.00969973 -0.000492631 0.999953 1.50699
0.998269 -0.0577253 -0.0112539 55.2015 0.0576898 0.998329 -0.00346378 3.20203 0.011435 0.00280855 0.999931 1.52865
0.998209 -0.0589043 -0.0104653 56.1596 0.0588545 0.998254 -0.00501457 3.2638 0.0107424 0.00438967 0.999933 1.55043
0.99818 -0.0600091 -0.00604821 57.1222 0.0599619 0.998171 -0.00772043 3.32469 0.00650044 0.00734371 0.999952 1.57004
0.998164 -0.0605617 -0.00051499 58.0833 0.0605543 0.998121 -0.00937616 3.39183 0.00108185 0.00932776 0.999956 1.58483
0.99813 -0.0610968 0.00170972 59.035 0.0611087 0.998099 -0.00797265 3.46442 -0.00121937 0.00806223 0.999967 1.59885
0.998039 -0.062595 -0.000800334 59.9757 0.0625887 0.998018 -0.00650852 3.53231 0.00120614 0.00644566 0.999979 1.6146
0.997905 -0.0640747 -0.00893313 60.9004 0.0640287 0.997934 -0.00535212 3.5953 0.0092576 0.00476893 0.999946 1.62989
0.997762 -0.0651527 -0.0150279 61.816 0.0650886 0.997868 -0.00472102 3.65661 0.0153034 0.00373231 0.999876 1.64993
0.997688 -0.0663794 -0.01459 62.7265 0.066392 0.997794 0.000375956 3.7294 0.0145328 -0.00134374 0.999894 1.67376
0.997664 -0.0672479 -0.0120444 63.6252 0.0672979 0.997726 0.00378366 3.79775 0.0117625 -0.00458538 0.99992 1.70278
0.997591 -0.0685972 -0.0103556 64.5091 0.0686684 0.997617 0.00666958 3.86657 0.00987339 -0.00736461 0.999924 1.73151
0.997496 -0.0698265 -0.011242 65.3775 0.0699053 0.997531 0.00676678 3.93219 0.0107418 -0.0075357 0.999914 1.75451
0.997389 -0.0714389 -0.0105712 66.2333 0.0715268 0.997405 0.00817368 4.00037 0.00995984 -0.00890846 0.999911 1.77721
0.997287 -0.0729329 -0.010017 67.0757 0.0730279 0.997285 0.00945626 4.06803 0.00930016 -0.0101621 0.999905 1.80167
0.997176 -0.0745475 -0.00904955 67.9053 0.0746318 0.997167 0.00935155 4.13358 0.00832677 -0.0100005 0.999915 1.82469
0.997072 -0.076013 -0.00834179 68.7232 0.0760866 0.997062 0.00886694 4.19827 0.00764326 -0.00947567 0.999926 1.84511
0.99698 -0.0774099 -0.00625877 69.5267 0.0774763 0.996932 0.0111451 4.26643 0.00537682 -0.0115963 0.999918 1.86544
0.996903 -0.078612 -0.0019107 70.3217 0.0786305 0.996819 0.0130484 4.33546 0.000878844 -0.0131582 0.999913 1.88389
0.996756 -0.0804847 -8.25897e-05 71.0988 0.0804764 0.996636 0.0155086 4.39884 -0.0011659 -0.0154649 0.99988 1.90553
0.996624 -0.0820154 -0.00366376 71.8514 0.0820696 0.996455 0.0184745 4.46808 0.00213557 -0.0187128 0.999823 1.92688
0.996472 -0.083195 -0.0110746 72.5827 0.0833963 0.996333 0.019148 4.53354 0.00944093 -0.020004 0.999755 1.94808
0.99627 -0.0846627 -0.0166605 73.295 0.0849607 0.996221 0.018063 4.59752 0.0150682 -0.0194111 0.999698 1.9658
0.996186 -0.0851283 -0.0191372 73.9911 0.0854845 0.996166 0.0186271 4.66273 0.0174781 -0.020192 0.999643 1.98735
0.996175 -0.085867 -0.0162139 74.6679 0.0861988 0.996057 0.0210083 4.72904 0.014346 -0.0223255 0.999648 2.01474
0.996108 -0.0871593 -0.0130829 75.3238 0.087434 0.995924 0.0221371 4.7905 0.0111001 -0.0231948 0.999669 2.04729
0.995956 -0.0884876 -0.0155199 75.9561 0.0887803 0.995864 0.0193033 4.84498 0.0137476 -0.0206031 0.999693 2.0739
0.995865 -0.0886893 -0.0196549 76.5693 0.0889258 0.995972 0.011495 4.89067 0.0185563 -0.0131953 0.999741 2.09771
0.995821 -0.0878722 -0.0248738 77.1631 0.0880716 0.99609 0.00703094 4.93909 0.0241587 -0.00919224 0.999666 2.12382
0.996042 -0.085043 -0.0258546 77.7448 0.0852817 0.996323 0.00826778 4.99291 0.0250564 -0.01044 0.999632 2.14957
0.996434 -0.081119 -0.0232014 78.3148 0.081458 0.996578 0.0140521 5.04868 0.0219821 -0.0158919 0.999632 2.17686
0.996858 -0.0766579 -0.01992 78.8701 0.0769247 0.996953 0.0129851 5.09094 0.0188638 -0.0144766 0.999717 2.20065
0.997311 -0.071595 -0.015627 79.4138 0.0717373 0.997385 0.00873684 5.11919 0.0149606 -0.00983439 0.99984 2.22567
0.997898 -0.0638594 -0.0110578 79.9443 0.0639154 0.997944 0.00478153 5.14501 0.0107297 -0.00547824 0.999927 2.251
0.998498 -0.0535964 -0.0113956 80.457 0.0536796 0.998533 0.00710988 5.17304 0.0109978 -0.0077109 0.99991 2.27125
0.999168 -0.0390032 -0.0118795 80.9579 0.0391534 0.999153 0.0126708 5.205 0.0113752 -0.0131254 0.999849 2.28989
0.999715 -0.0210879 -0.0111644 81.4463 0.0212844 0.999616 0.0177744 5.22385 0.0107852 -0.0180069 0.99978 2.30704
0.999947 0.000164694 -0.0103158 81.9208 1.02972e-05 0.999856 0.0169531 5.21993 0.0103171 -0.0169523 0.999803 2.32167
0.999634 0.0255379 -0.00894241 82.3824 -0.0254152 0.999585 0.0135685 5.19785 0.0092852 -0.0133363 0.999868 2.33803
0.998506 0.0541843 -0.00702349 82.8353 -0.0540965 0.998462 0.012115 5.16335 0.00766913 -0.0117169 0.999902 2.35363
0.996255 0.0863143 -0.00499946 83.2811 -0.0862507 0.996204 0.0117504 5.11598 0.0059947 -0.0112752 0.999919 2.36825
0.992437 0.122696 -0.00366164 83.7178 -0.122646 0.992382 0.0116848 5.05032 0.00506742 -0.0111473 0.999925 2.38087
0.986605 0.163098 -0.00302854 84.1461 -0.163051 0.986546 0.0119129 4.96862 0.00493075 -0.0112595 0.999924 2.39131
0.97833 0.207039 -0.00231247 84.5617 -0.206999 0.978272 0.0116509 4.86547 0.0046744 -0.0109198 0.99993 2.40345
0.96706 0.254534 -0.00269108 84.9616 -0.254475 0.966981 0.0137768 4.74268 0.00610889 -0.0126382 0.999902 2.41808
0.952003 0.306059 -0.00421184 85.3463 -0.305968 0.951926 0.0148243 4.59754 0.00854647 -0.0128241 0.999881 2.43182
0.932807 0.36034 -0.00515064 85.7138 -0.360232 0.932742 0.0149986 4.42992 0.0102088 -0.0121354 0.999874 2.44154
0.909375 0.415938 -0.00574976 86.0629 -0.415813 0.909317 0.0156097 4.24147 0.011721 -0.0118043 0.999862 2.44831
0.881426 0.472274 -0.00679451 86.3927 -0.472128 0.881385 0.0159887 4.03276 0.0135396 -0.010885 0.999849 2.45421
0.849131 0.528107 -0.00892445 86.7002 -0.527966 0.849146 0.0142397 3.80057 0.0150982 -0.00737956 0.999859 2.46206
0.813476 0.581522 -0.00943787 86.9897 -0.581389 0.813511 0.0136693 3.5535 0.0156268 -0.0056326 0.999862 2.47387
0.774795 0.63216 -0.00820662 87.2627 -0.63206 0.774828 0.0119193 3.28913 0.0138936 -0.00404792 0.999895 2.485
0.73342 0.679758 -0.00490892 87.52 -0.679685 0.733421 0.0111049 3.00629 0.0111489 -0.00480804 0.999926 2.49222
0.689758 0.724029 -0.00388674 87.7563 -0.723974 0.689758 0.00973342 2.7098 0.00972819 -0.00389981 0.999945 2.49744
0.644519 0.764563 -0.00628928 87.9682 -0.764519 0.644549 0.0081846 2.39467 0.0103114 -0.000466858 0.999947 2.50155
0.598986 0.800683 -0.0110387 88.1586 -0.80069 0.599059 0.00493168 2.07011 0.0105615 0.00588452 0.999927 2.5067
0.553586 0.832732 -0.00998555 88.3374 -0.832724 0.553655 0.00615761 1.74113 0.0106562 0.00490642 0.999931 2.51444
0.50755 0.861601 -0.00608236 88.5067 -0.861557 0.507586 0.00877581 1.4039 0.0106486 0.000786127 0.999943 2.52071
0.463194 0.886243 -0.00496173 88.6585 -0.886181 0.463221 0.0104677 1.05654 0.0115753 -0.000451602 0.999933 2.52612
0.421808 0.906624 -0.0105067 88.7831 -0.906607 0.421896 0.00822992 0.700136 0.0118941 0.00605396 0.999911 2.53027
0.383194 0.923389 -0.0227017 88.8858 -0.923624 0.3833 0.000309186 0.327583 0.00898705 0.0208493 0.999742 2.53046
0.348483 0.936918 -0.0272939 88.9854 -0.937298 0.348508 -0.00399938 -0.0443081 0.00576505 0.0269762 0.999619 2.53263
0.31622 0.948333 -0.025877 89.0922 -0.948657 0.316307 -0.000790343 -0.415847 0.00743556 0.0247983 0.999665 2.53736
0.285594 0.958209 -0.0164714 89.2028 -0.958289 0.285729 0.00645441 -0.787942 0.010891 0.013941 0.999844 2.5494
0.257215 0.966293 -0.010826 89.2986 -0.96626 0.25733 0.0110427 -1.16946 0.0134564 0.00762033 0.99988 2.56471
0.231996 0.972643 -0.0120015 89.3753 -0.972598 0.232143 0.0127406 -1.56643 0.0151781 0.00871686 0.999847 2.57534
0.208498 0.977859 -0.0178825 89.436 -0.977879 0.208746 0.0133133 -1.97322 0.0167515 0.0147111 0.999752 2.58252
0.188201 0.981745 -0.0275185 89.4847 -0.981845 0.188748 0.0188248 -2.39325 0.0236752 0.0234761 0.999444 2.57427
0.168573 0.985212 -0.030675 89.5397 -0.985192 0.169395 0.0265077 -2.82011 0.0313119 0.0257522 0.999178 2.56795
0.150902 0.988147 -0.0281666 89.5989 -0.988026 0.151688 0.0282205 -3.26543 0.0321585 0.0235708 0.999205 2.57529
0.135635 0.990465 -0.0241238 89.654 -0.990407 0.136196 0.0233362 -3.73024 0.0263993 0.0207272 0.999437 2.59378
0.121148 0.992358 -0.0234306 89.6958 -0.992385 0.121613 0.0195711 -4.20491 0.022271 0.0208812 0.999534 2.61198
0.107677 0.99387 -0.0250566 89.729 -0.993991 0.108121 0.017081 -4.6911 0.0196855 0.0230668 0.99954 2.62696
0.0958018 0.994991 -0.0285474 89.7543 -0.995226 0.0962827 0.0159675 -5.18965 0.0186361 0.0268814 0.999465 2.63773
0.08528 0.995851 -0.0317434 89.7766 -0.996176 0.0858292 0.0163534 -5.70325 0.0190101 0.0302273 0.999362 2.64886
0.0766314 0.996483 -0.0338897 89.798 -0.996869 0.0772366 0.0169195 -6.23259 0.0194775 0.032487 0.999282 2.66079
0.0705376 0.996875 -0.0355538 89.8181 -0.997317 0.0711798 0.0171283 -6.77941 0.0196055 0.0342502 0.999221 2.67158
0.0646604 0.997221 -0.0370039 89.8383 -0.997696 0.0653651 0.0181584 -7.34209 0.0205267 0.0357445 0.99915 2.68032
0.058287 0.997603 -0.0372938 89.8584 -0.998073 0.0590296 0.0191235 -7.92521 0.0212791 0.0361073 0.999121 2.68782
0.0535862 0.997779 -0.0395791 89.8754 -0.998339 0.0543724 0.0190564 -8.5294 0.0211661 0.0384922 0.999035 2.69796
0.0500167 0.997897 -0.0412421 89.885 -0.99853 0.0508273 0.0188435 -9.14847 0.0209001 0.0402389 0.998972 2.70727
0.0465263 0.998024 -0.0422231 89.897 -0.998709 0.0473391 0.0184534 -9.78728 0.0204157 0.04131 0.998938 2.71825
0.0433537 0.998104 -0.0436922 89.903 -0.998865 0.0441668 0.0178166 -10.4437 0.0197126 0.0428702 0.998886 2.72856
0.0418605 0.997964 -0.0481286 89.9073 -0.998934 0.0427418 0.0174247 -11.1162 0.0194463 0.0473478 0.998689 2.73876
0.041989 0.997762 -0.0520411 89.9085 -0.998933 0.0429283 0.0170634 -11.8042 0.0192593 0.051269 0.998499 2.74776
0.0436387 0.997581 -0.0541126 89.9166 -0.998862 0.044611 0.0168896 -12.5109 0.0192627 0.0533139 0.998392 2.75796
0.0466875 0.997302 -0.05665 89.929 -0.998714 0.0477268 0.0171312 -13.2338 0.0197887 0.0557773 0.998247 2.76938
0.0503995 0.997069 -0.0575696 89.9444 -0.998532 0.0514528 0.0169589 -13.9744 0.0198713 0.0566303 0.998197 2.7817
0.0542378 0.996786 -0.05896 89.9688 -0.998358 0.055224 0.0152266 -14.7322 0.0184337 0.0580373 0.998144 2.79849
0.0581722 0.996558 -0.0590665 89.9986 -0.998159 0.059081 0.0137547 -15.5038 0.0171971 0.0581576 0.998159 2.81626
0.0623163 0.996466 -0.0563208 90.0383 -0.997941 0.0630672 0.0116499 -16.2923 0.0151607 0.0554789 0.998345 2.83229
0.0663687 0.996266 -0.0552157 90.0798 -0.997695 0.0670452 0.0104867 -17.0868 0.0141495 0.0543924 0.998419 2.84737
0.0703103 0.996121 -0.0529174 90.1273 -0.997411 0.0710071 0.0113983 -17.8893 0.0151116 0.051979 0.998534 2.8647
0.0735429 0.995983 -0.0510822 90.1783 -0.997123 0.0743764 0.0146073 -18.6941 0.0183479 0.049861 0.998588 2.8847
0.074751 0.996136 -0.0460962 90.2353 -0.996908 0.075772 0.0208106 -19.503 0.024223 0.044398 0.99872 2.90519
0.074347 0.996277 -0.0436416 90.2878 -0.996866 0.0754353 0.0238386 -20.3176 0.0270419 0.0417325 0.998763 2.92604
0.0744113 0.996376 -0.041219 90.3403 -0.996857 0.0754468 0.0241573 -21.1357 0.0271795 0.0392918 0.998858 2.95473
0.0744053 0.996501 -0.0380855 90.3938 -0.99693 0.0752623 0.02158 -21.9556 0.0243709 0.0363629 0.999041 2.98753
0.0742653 0.996483 -0.038813 90.4416 -0.996955 0.0751161 0.0209371 -22.7735 0.0237789 0.0371399 0.999027 3.01752
0.0744785 0.996549 -0.0366505 90.4905 -0.996968 0.0752401 0.0198533 -23.5917 0.0225424 0.0350607 0.999131 3.04831
0.0741627 0.996633 -0.0349566 90.5369 -0.996995 0.0748849 0.0198179 -24.4084 0.0223689 0.0333818 0.999192 3.08222
0.0742128 0.996714 -0.0324758 90.5875 -0.996976 0.0749064 0.020682 -25.2216 0.0230467 0.0308428 0.999259 3.11234
0.0729925 0.996895 -0.0295549 90.6375 -0.997042 0.073654 0.0219418 -26.0338 0.0240505 0.0278659 0.999322 3.14188
0.0702713 0.997173 -0.0266103 90.6873 -0.997244 0.0708633 0.0219943 -26.8456 0.0238178 0.0249914 0.999404 3.17194
0.0664895 0.997504 -0.0237605 90.7332 -0.997538 0.0669866 0.0207715 -27.6576 0.0223113 0.0223209 0.999502 3.20237
0.0617125 0.997866 -0.0213428 90.776 -0.997902 0.062106 0.0182908 -28.4706 0.0195773 0.0201693 0.999605 3.23396
0.0554777 0.99828 -0.0189828 90.8113 -0.998316 0.0557831 0.0159473 -29.2832 0.0169788 0.0180661 0.999693 3.26381
0.0480543 0.99868 -0.0181306 90.8378 -0.998708 0.0483408 0.0157037 -30.0919 0.0165594 0.0173525 0.999712 3.29167
0.0393137 0.999076 -0.0173609 90.8575 -0.999077 0.0396032 0.0166457 -30.8952 0.0173178 0.0166904 0.999711 3.31713
0.0291889 0.999417 -0.0176951 90.8648 -0.999415 0.0294957 0.0173222 -31.6979 0.017834 0.0171791 0.999693 3.34168
0.0189504 0.999648 -0.0185477 90.8651 -0.999679 0.0192566 0.0164644 -32.4968 0.0168158 0.0182297 0.999692 3.36738
0.00817826 0.999815 -0.017396 90.8592 -0.999853 0.00843857 0.0149369 -33.2903 0.0150809 0.0172713 0.999737 3.39316
-0.0029833 0.999828 -0.0182998 90.8418 -0.999897 -0.0027253 0.0141021 -34.0835 0.0140498 0.0183399 0.999733 3.41481
-0.014131 0.999729 -0.0184916 90.8153 -0.999806 -0.0138735 0.0139769 -34.871 0.0137166 0.0186856 0.999731 3.43601
-0.0252587 0.999512 -0.018404 90.7818 -0.999582 -0.0249928 0.0145308 -35.6515 0.0140637 0.0187633 0.999725 3.45781
-0.0360797 0.999189 -0.0178725 90.7406 -0.999238 -0.0358035 0.0155364 -36.4279 0.0148839 0.0184194 0.99972 3.47873
-0.0464945 0.99875 -0.0183493 90.6909 -0.998796 -0.0461935 0.0164978 -37.1965 0.0156296 0.0190943 0.999696 3.49884
-0.0561363 0.998243 -0.0189614 90.6332 -0.998294 -0.0558129 0.0171698 -37.957 0.0160813 0.0198929 0.999673 3.51965
-0.0658061 0.997644 -0.0193865 90.5671 -0.9977 -0.0654687 0.0175498 -38.7098 0.0162393 0.0204968 0.999658 3.54163
-0.0753364 0.996962 -0.0197851 90.4969 -0.997029 -0.0749925 0.0175744 -39.4549 0.0160372 0.0210503 0.99965 3.56218
-0.0840682 0.996239 -0.0209735 90.418 -0.99634 -0.0837125 0.0172953 -40.1917 0.0154745 0.0223507 0.99963 3.58354
-0.0915881 0.995543 -0.0224872 90.334 -0.9957 -0.0912411 0.0160004 -40.921 0.0138773 0.023856 0.999619 3.60474
-0.096957 0.994966 -0.0253422 90.2454 -0.995217 -0.0966121 0.0144979 -41.6395 0.0119765 0.0266267 0.999574 3.62738
-0.101011 0.994477 -0.0284965 90.1547 -0.994837 -0.100683 0.0127275 -42.3531 0.00978813 0.029635 0.999513 3.64597
-0.103949 0.994117 -0.0304337 90.0655 -0.994549 -0.103644 0.01143 -43.0553 0.0082085 0.0314559 0.999471 3.66282
-0.105753 0.99391 -0.0309778 89.9788 -0.994365 -0.105468 0.0107109 -43.741 0.00737847 0.0319359 0.999463 3.67917
-0.106826 0.993782 -0.0313839 89.8933 -0.994251 -0.106536 0.0107512 -44.415 0.0073408 0.0323519 0.99945 3.69454
-0.106287 0.993811 -0.032286 89.8088 -0.9943 -0.105952 0.0119072 -45.0707 0.00841275 0.0333675 0.999408 3.70937
-0.103615 0.994059 -0.0333398 89.7286 -0.994571 -0.103226 0.013175 -45.7091 0.00965521 0.0345239 0.999357 3.72414
-0.0989008 0.994534 -0.0334715 89.6565 -0.99504 -0.0984789 0.0140273 -46.3308 0.0106544 0.0346928 0.999341 3.73933
-0.0914083 0.995271 -0.0328702 89.5948 -0.995747 -0.0909704 0.0145794 -46.9328 0.0115203 0.0340631 0.999353 3.75523
-0.0807839 0.996216 -0.032064 89.5415 -0.996656 -0.0803394 0.0149135 -47.5172 0.0122811 0.0331615 0.999375 3.77218
-0.0675262 0.997209 -0.0318444 89.4978 -0.997634 -0.0670729 0.0150901 -48.0812 0.0129121 0.032788 0.999379 3.78965
-0.0509937 0.998221 -0.0309137 89.4704 -0.998589 -0.0505031 0.0164446 -48.6252 0.0148541 0.0317086 0.999387 3.80669
-0.0307113 0.999081 -0.0298958 89.4585 -0.999362 -0.0301472 0.0191341 -49.1604 0.0182152 0.0304644 0.99937 3.82755
-0.0070426 0.999568 -0.0285382 89.4603 -0.999729 -0.00640456 0.022384 -49.688 0.0221916 0.0286881 0.999342 3.84892
0.0206662 0.999411 -0.0273882 89.4753 -0.999477 0.0213334 0.024291 -50.2132 0.024861 0.0268719 0.99933 3.86896
0.0529351 0.998245 -0.0265465 89.5075 -0.998264 0.0535859 0.0244303 -50.7354 0.02581 0.0252072 0.999349 3.88967
0.0900392 0.995589 -0.0263765 89.5582 -0.995631 0.0906375 0.022435 -51.253 0.0247268 0.0242413 0.9994 3.91124
0.131419 0.991006 -0.0252135 89.6334 -0.991074 0.131918 0.0192337 -51.7646 0.0223868 0.0224608 0.999497 3.9344
0.175662 0.984184 -0.0229029 89.7329 -0.984272 0.176026 0.014955 -52.2669 0.0187499 0.0199156 0.999626 3.95757
0.223049 0.974621 -0.0190708 89.8558 -0.974679 0.223294 0.0118528 -52.7641 0.0158104 0.0159441 0.999748 3.98122
0.273506 0.96174 -0.0158619 90.0091 -0.96176 0.273688 0.0106735 -53.2433 0.0146063 0.0123361 0.999817 4.0059
0.326933 0.944925 -0.0152491 90.1829 -0.944927 0.327106 0.0106725 -53.7054 0.0150728 0.0109201 0.999827 4.02523
0.383568 0.923316 -0.019069 90.377 -0.923342 0.383812 0.0112842 -54.1508 0.0177378 0.013279 0.999755 4.04451
0.442262 0.896596 -0.0228001 90.5982 -0.896587 0.442628 0.0145646 -54.5723 0.0231505 0.014001 0.999634 4.06418
0.500782 0.865113 -0.0282449 90.845 -0.865058 0.501343 0.0181723 -54.9736 0.0298815 0.0153331 0.999436 4.08455
0.558128 0.829244 -0.0291149 91.1238 -0.829016 0.558769 0.0225842 -55.3496 0.0349963 0.0115318 0.999321 4.10369
0.613255 0.789328 -0.0296682 91.4281 -0.788931 0.613928 0.0261083 -55.7029 0.0388221 0.00739508 0.999219 4.12328
0.665775 0.745473 -0.0318393 91.7534 -0.744987 0.666514 0.0274558 -56.0352 0.0416889 0.00544048 0.999116 4.14456
0.714711 0.698626 -0.0333114 92.0989 -0.698162 0.715471 0.0258881 -56.346 0.0419194 0.00475424 0.99911 4.16893
0.760204 0.648949 -0.0309035 92.4664 -0.648568 0.760826 0.0224455 -56.632 0.0380781 0.00297986 0.99927 4.1952
0.802203 0.596462 -0.0265232 92.8542 -0.5962 0.80264 0.0177528 -56.8905 0.0318774 0.00157179 0.999491 4.22269
0.839399 0.543071 -0.0219711 93.2616 -0.542866 0.839687 0.014925 -57.12 0.0265542 -0.000600626 0.999647 4.24829
0.871501 0.490111 -0.0166811 93.6844 -0.489974 0.871658 0.0117517 -57.3284 0.0202998 -0.00206826 0.999792 4.27002
0.898045 0.439765 -0.0110076 94.1226 -0.439646 0.898095 0.0116859 -57.5121 0.0150249 -0.00565507 0.999871 4.29282
0.919177 0.393769 -0.00766615 94.5703 -0.393654 0.919165 0.0131211 -57.6736 0.0122131 -0.00904281 0.999885 4.31126
0.935416 0.353538 -0.00290875 95.0358 -0.353426 0.935274 0.0187961 -57.8128 0.00936562 -0.0165542 0.999819 4.32281
0.947934 0.318448 -0.00362252 95.5011 -0.318284 0.947712 0.0231993 -57.9396 0.0108209 -0.0208384 0.999724 4.32875
0.957856 0.287217 -0.00439384 95.974 -0.287017 0.957583 0.0256195 -58.0622 0.0115658 -0.0232787 0.999662 4.33394
0.964493 0.264021 -0.00677946 96.4482 -0.263843 0.964358 0.0200121 -58.1892 0.0118214 -0.0175129 0.999777 4.34251
0.968711 0.248091 -0.00715404 96.9297 -0.247944 0.968627 0.0169334 -58.3093 0.0111306 -0.0146298 0.999831 4.35616
0.971899 0.235296 -0.0068954 97.4235 -0.235115 0.971753 0.0204358 -58.4191 0.0115091 -0.0182403 0.999767 4.36429
0.974192 0.225651 -0.00556523 97.9312 -0.225439 0.973914 0.0258733 -58.5254 0.0112584 -0.023951 0.99965 4.36627
0.975601 0.219486 -0.00534316 98.4464 -0.219199 0.975127 0.0328609 -58.6294 0.0124227 -0.0308879 0.999446 4.37465
0.976213 0.216671 -0.00782528 98.971 -0.216213 0.975564 0.039089 -58.7374 0.0161035 -0.0364673 0.999205 4.38812
0.97639 0.215801 -0.00960569 99.5033 -0.215242 0.975695 0.0411103 -58.854 0.0182438 -0.0380721 0.999108 4.40596
0.975882 0.217939 -0.0125267 100.044 -0.217283 0.975271 0.040441 -58.9791 0.0210306 -0.0367438 0.999103 4.42254
0.97482 0.222105 -0.0198679 100.594 -0.221233 0.974453 0.0386901 -59.1123 0.0279536 -0.0333204 0.999054 4.43488
0.973735 0.22628 -0.0252659 101.153 -0.225238 0.973546 0.0384322 -59.2462 0.0332939 -0.031732 0.998942 4.44852
0.972748 0.230669 -0.0235293 101.734 -0.229531 0.972346 0.0431192 -59.3781 0.0328249 -0.0365434 0.998793 4.46912
0.971522 0.236219 -0.0185737 102.329 -0.235161 0.970839 0.0465975 -59.5134 0.0290392 -0.0409027 0.998741 4.49244
0.97043 0.24095 -0.0144323 102.932 -0.240125 0.969744 0.044009 -59.6665 0.0245996 -0.0392421 0.998927 4.51622
0.969598 0.244521 -0.00941865 103.546 -0.243979 0.968973 0.0395803 -59.8291 0.0188046 -0.036079 0.999172 4.53907
0.968778 0.24788 -0.00502239 104.17 -0.247537 0.968181 0.0367716 -59.9937 0.0139775 -0.0343803 0.999311 4.55999
0.967973 0.251011 -0.00470761 104.801 -0.250734 0.967514 0.0324104 -60.1626 0.01269 -0.030192 0.999464 4.57601
0.967799 0.251584 -0.00836833 105.437 -0.251254 0.967491 0.0288459 -60.3369 0.0153534 -0.0258144 0.999549 4.59202
0.967786 0.251342 -0.014734 106.082 -0.250875 0.967619 0.0278456 -60.5095 0.0212556 -0.0232523 0.999504 4.60876
0.96778 0.250785 -0.0225576 106.737 -0.250099 0.967775 0.0293767 -60.6785 0.0291979 -0.0227886 0.999314 4.62592
0.968245 0.24862 -0.0262817 107.41 -0.247728 0.968266 0.0330379 -60.8488 0.0336615 -0.025478 0.999109 4.64468
0.968974 0.24611 -0.0227938 108.1 -0.245342 0.96891 0.0319401 -61.0251 0.0299459 -0.0253568 0.99923 4.66656
0.969558 0.244309 -0.0164321 108.806 -0.243809 0.96943 0.0276202 -61.2075 0.0226776 -0.0227731 0.999483 4.69408
0.970277 0.241816 -0.00939342 109.523 -0.241484 0.970014 0.0275522 -61.3865 0.0157743 -0.0244648 0.999576 4.72243
0.97074 0.239968 -0.00888424 110.246 -0.239602 0.97039 0.0305833 -61.5598 0.0159602 -0.0275598 0.999493 4.74493
0.971145 0.238177 -0.0122301 110.976 -0.237604 0.970679 0.0364252 -61.7293 0.0205472 -0.0324682 0.999262 4.76401
0.97191 0.2347 -0.0175244 111.715 -0.233924 0.97152 0.0377923 -61.9075 0.0258951 -0.0326313 0.999132 4.78242
0.972797 0.230683 -0.021249 112.467 -0.229808 0.972529 0.0371027 -62.0877 0.0292242 -0.0312102 0.999086 4.80383
0.973705 0.226908 -0.0202852 113.234 -0.226121 0.973467 0.0350946 -62.2699 0.0277102 -0.0295849 0.999178 4.83024
0.974552 0.22328 -0.0198522 114.01 -0.222621 0.974417 0.030846 -62.4545 0.0262316 -0.0256416 0.999327 4.85937
0.975042 0.221348 -0.0172567 114.8 -0.220793 0.974881 0.0292731 -62.6379 0.0233028 -0.0247324 0.999422 4.88902
0.975435 0.219757 -0.0152697 115.609 -0.219317 0.975302 0.026179 -62.8231 0.0206456 -0.022187 0.999541 4.91413
0.975606 0.219008 -0.0150848 116.419 -0.218678 0.975573 0.0208976 -63.0125 0.019293 -0.0170891 0.999668 4.93815
0.975764 0.218401 -0.0135992 117.238 -0.218085 0.975693 0.0214917 -63.1962 0.0179624 -0.0180051 0.999677 4.96425
0.975639 0.218915 -0.0143296 118.058 -0.218499 0.97549 0.0260347 -63.3735 0.0196778 -0.0222694 0.999558 4.98974
0.975455 0.2196 -0.0162301 118.883 -0.219008 0.975196 0.0320629 -63.551 0.0228685 -0.0277214 0.999354 5.01464
0.975264 0.220464 -0.0160012 119.713 -0.219697 0.974758 0.0397481 -63.7291 0.0243603 -0.0352495 0.999082 5.0388
0.97471 0.223056 -0.0136977 120.551 -0.222205 0.973872 0.0468854 -63.9073 0.0237978 -0.042656 0.998806 5.06733
0.974019 0.226245 -0.0100511 121.392 -0.225483 0.972961 0.0500519 -64.0924 0.0211033 -0.0464851 0.998696 5.09853
0.973442 0.228696 -0.0104425 122.231 -0.227902 0.972373 0.0505212 -64.2877 0.0217079 -0.0467996 0.998668 5.12754
0.972908 0.230786 -0.0136782 123.072 -0.22984 0.971918 0.0504952 -64.4835 0.0249476 -0.0459834 0.998631 5.15195
0.972692 0.231653 -0.0144077 123.927 -0.23085 0.972022 0.0433865 -64.6896 0.0240551 -0.0388757 0.998954 5.16942
0.972589 0.23197 -0.0161687 124.776 -0.231266 0.972197 0.0367377 -64.8983 0.0242411 -0.0319914 0.999194 5.19216
0.972245 0.233381 -0.0165408 125.624 -0.232706 0.971915 0.0350595 -65.1003 0.0242585 -0.0302372 0.999248 5.21803
0.972032 0.234433 -0.0139268 126.476 -0.233767 0.971541 0.0382125 -65.2956 0.0224887 -0.0338882 0.999173 5.24161
0.971883 0.235318 -0.008265 127.329 -0.234822 0.97123 0.039645 -65.4922 0.0173564 -0.0365895 0.99918 5.26461
0.971693 0.236244 -0.00116577 128.177 -0.235976 0.970803 0.0430881 -65.6905 0.011311 -0.0415933 0.999071 5.29213
0.971355 0.237522 -0.00722609 128.998 -0.237012 0.970569 0.0426706 -65.897 0.0171486 -0.0397357 0.999063 5.32454
0.971005 0.238068 -0.0217439 129.806 -0.237101 0.970677 0.0396102 -66.1128 0.0305362 -0.0333062 0.998979 5.3582
0.970743 0.23769 -0.0340919 130.615 -0.23649 0.970975 0.0357883 -66.3314 0.0416089 -0.0266788 0.998778 5.39324
0.971148 0.23675 -0.0286696 131.443 -0.235763 0.971216 0.0339941 -66.5443 0.0358925 -0.0262541 0.999011 5.4322
0.971872 0.235375 -0.00791204 132.285 -0.235074 0.971573 0.0280264 -66.7568 0.0142838 -0.0253781 0.999576 5.47294
0.972188 0.234005 0.00960487 133.121 -0.234175 0.971879 0.0247604 -66.9669 -0.00354072 -0.026321 0.999647 5.51262
0.972368 0.233393 0.00533231 133.93 -0.233451 0.971989 0.0271712 -67.1706 0.00115862 -0.0276652 0.999617 5.5305
0.972574 0.232425 -0.00889772 134.726 -0.231988 0.972088 0.0350328 -67.3691 0.0167918 -0.0320078 0.999347 5.53681
0.972684 0.231429 -0.0180772 135.523 -0.23068 0.972359 0.0361267 -67.5748 0.0259383 -0.0309698 0.999184 5.54563
0.973078 0.229548 -0.0206608 136.327 -0.228823 0.972928 0.0324396 -67.7843 0.0275478 -0.0268386 0.99926 5.57136
0.973767 0.226893 -0.0172749 137.136 -0.226273 0.97354 0.0319581 -67.9775 0.0240689 -0.0272109 0.99934 5.59725
0.974528 0.223454 -0.0190805 137.937 -0.222797 0.974355 0.0315318 -68.1653 0.0256371 -0.0264775 0.999321 5.61114
0.975547 0.218743 -0.021426 138.734 -0.218013 0.975422 0.0319645 -68.3516 0.0278914 -0.0265117 0.999259 5.62099
0.976269 0.215686 -0.0194404 139.533 -0.21489 0.975957 0.0364654 -68.5256 0.026838 -0.0314225 0.999146 5.64153
0.976711 0.213627 -0.0199605 140.332 -0.212638 0.976193 0.0428025 -68.6969 0.028629 -0.0375614 0.998884 5.65897
0.977164 0.211797 -0.0170855 141.133 -0.210864 0.976483 0.0449134 -68.8724 0.0261963 -0.040285 0.998845 5.68266
0.977552 0.210306 -0.0127528 141.933 -0.209593 0.976843 0.0429897 -69.0525 0.0214985 -0.0393518 0.998994 5.70653
0.977836 0.209003 -0.0124248 142.727 -0.20833 0.977168 0.0417401 -69.2303 0.0208649 -0.0382265 0.999051 5.73007
0.978302 0.206527 -0.0165088 143.519 -0.205745 0.97779 0.0399493 -69.4034 0.0243927 -0.0356859 0.999065 5.75213
0.979153 0.202096 -0.0204153 144.303 -0.201298 0.978884 0.0355811 -69.5773 0.027175 -0.0307298 0.999158 5.77034
0.980398 0.19565 -0.0232356 145.095 -0.194866 0.980299 0.0322635 -69.7417 0.0290902 -0.0271032 0.999209 5.79359
0.981793 0.188985 -0.0191669 145.897 -0.188342 0.981611 0.0311155 -69.8946 0.0246948 -0.026939 0.999332 5.82075
0.983091 0.182811 -0.010616 146.702 -0.182441 0.982789 0.0290164 -70.0446 0.0157378 -0.0265889 0.999523 5.84908
0.983934 0.178513 -0.00250873 147.508 -0.178399 0.983651 0.0246012 -70.1853 0.00685935 -0.0237584 0.999694 5.86814
0.984662 0.174453 0.00271007 148.309 -0.174452 0.98417 0.0312549 -70.312 0.00278533 -0.0312482 0.999508 5.88397
0.98542 0.170132 -0.00152347 149.102 -0.169977 0.984835 0.0347689 -70.4357 0.00741565 -0.034003 0.999394 5.89741
0.986493 0.163377 -0.0118565 149.888 -0.162875 0.986018 0.0352222 -70.5656 0.0174452 -0.0328153 0.999309 5.90849
0.987428 0.156907 -0.0191206 150.683 -0.156239 0.987185 0.0324809 -70.6934 0.0239721 -0.0290852 0.999289 5.91918
0.988456 0.150288 -0.0192149 151.489 -0.149656 0.988254 0.030947 -70.815 0.0236402 -0.0277141 0.999336 5.93896
0.98966 0.142701 -0.0144571 152.304 -0.142078 0.989144 0.0375331 -70.9214 0.0196562 -0.035091 0.999191 5.96647
0.990737 0.135001 -0.0146645 153.116 -0.134258 0.989997 0.0433599 -71.0191 0.0203714 -0.0409894 0.998952 5.98864
0.991908 0.12535 -0.020136 153.922 -0.124319 0.991168 0.0461726 -71.121 0.0257459 -0.0432957 0.998731 6.0076
0.992883 0.116772 -0.0234098 154.73 -0.115645 0.992281 0.0447743 -71.2198 0.0284574 -0.0417484 0.998723 6.023
0.993826 0.108706 -0.0221841 155.549 -0.107636 0.993182 0.0447708 -71.3102 0.0268997 -0.0421065 0.998751 6.04259
0.99479 0.100817 -0.0151443 156.374 -0.0999933 0.993841 0.0477655 -71.3827 0.0198666 -0.0460023 0.998744 6.06114
0.995648 0.0927389 -0.00923447 157.202 -0.0921566 0.99445 0.0507529 -71.4472 0.01389 -0.049681 0.998669 6.08275
0.996357 0.085099 -0.00556255 158.025 -0.0847154 0.995144 0.0501112 -71.5114 0.00979994 -0.0494574 0.998728 6.10177
0.99689 0.0786926 -0.00415587 158.847 -0.0783876 0.995668 0.0500007 -71.5733 0.00807255 -0.0495195 0.998741 6.11835
0.997222 0.0742951 -0.00542759 159.668 -0.0739373 0.996035 0.049476 -71.6292 0.00908189 -0.0489372 0.998761 6.13561
0.997482 0.0699944 -0.0113732 160.485 -0.0692893 0.996153 0.0536486 -71.677 0.0150845 -0.0527255 0.998495 6.15377
0.997636 0.0666752 -0.0166253 161.301 -0.0655548 0.996003 0.0606769 -71.7132 0.0206044 -0.0594437 0.998019 6.16877
0.99774 0.064064 -0.0202515 162.12 -0.0627075 0.996123 0.0617056 -71.7514 0.0241261 -0.0602963 0.997889 6.18193
0.998046 0.0607903 -0.0144547 162.954 -0.0597594 0.996198 0.0633964 -71.7924 0.0182536 -0.0624088 0.997884 6.19624
0.998285 0.0583312 -0.00504374 163.793 -0.0578771 0.996175 0.0654595 -71.8267 0.00884277 -0.0650553 0.997843 6.20935
0.998492 0.0548108 0.0031712 164.63 -0.0549003 0.996285 0.0663491 -71.8629 0.000477221 -0.0664231 0.997791 6.22327
0.998742 0.0501459 0.00087909 165.453 -0.0500983 0.996668 0.0643695 -71.8998 0.0023517 -0.0643325 0.997926 6.23226
0.998948 0.0451355 -0.00814311 166.267 -0.0446305 0.997537 0.0541169 -71.9454 0.0105656 -0.0536965 0.998501 6.23837
0.999137 0.0383561 -0.0159161 167.084 -0.0375437 0.998116 0.0485336 -71.9817 0.0177477 -0.0478942 0.998695 6.23973
0.9994 0.0314694 -0.0144724 167.911 -0.0306721 0.998158 0.0523491 -71.9962 0.0160931 -0.0518738 0.998524 6.24663
0.999665 0.0239668 -0.00976049 168.745 -0.023444 0.998447 0.0505361 -72.0113 0.0109565 -0.0502904 0.998675 6.25845
0.999851 0.0164423 -0.0052349 169.582 -0.0161818 0.998792 0.0463952 -72.0291 0.00599141 -0.0463035 0.99891 6.26892
0.999939 0.0105809 -0.00315122 170.422 -0.0104535 0.999223 0.0379992 -72.0447 0.00355083 -0.0379639 0.999273 6.27449
0.999987 0.0044833 -0.00237102 171.265 -0.00440137 0.999431 0.0334391 -72.0525 0.00251959 -0.0334282 0.999438 6.28352
0.999968 -0.00160868 -0.00781103 172.101 0.00184237 0.999549 0.0299881 -72.0515 0.00775926 -0.0300015 0.99952 6.29246
0.999802 -0.008719 -0.0179142 172.93 0.00911771 0.99971 0.0222893 -72.0508 0.0177147 -0.0224482 0.999591 6.29776
0.999548 -0.0159442 -0.0254965 173.762 0.016213 0.999815 0.0103644 -72.0546 0.0253266 -0.0107731 0.999621 6.30896
0.999597 -0.0222136 -0.0176591 174.613 0.0224357 0.999671 0.0124742 -72.0342 0.0173762 -0.0128654 0.999766 6.32328
0.999614 -0.0273415 -0.00493778 175.473 0.0274464 0.999369 0.0225635 -71.993 0.00431774 -0.0226903 0.999733 6.33938
0.999472 -0.0322661 0.00374143 176.328 0.0321443 0.999062 0.0290313 -71.9509 -0.00467466 -0.0288957 0.999572 6.35536
0.999342 -0.0362203 0.00213855 177.172 0.0361441 0.998933 0.0287617 -71.914 -0.00317803 -0.0286655 0.999584 6.36154
0.999243 -0.0379857 -0.00836914 178.009 0.0382193 0.998826 0.0297644 -71.873 0.00722869 -0.0300617 0.999522 6.36486
0.999004 -0.040443 -0.01885 178.847 0.0411709 0.998353 0.0399681 -71.8189 0.0172026 -0.0407044 0.999023 6.37255
0.99885 -0.0423579 -0.0224423 179.693 0.043235 0.998258 0.0401491 -71.7746 0.0207025 -0.0410732 0.998942 6.3852
0.998798 -0.0452595 -0.0188033 180.549 0.0458804 0.998368 0.0340036 -71.7434 0.0172337 -0.0348255 0.999245 6.40408
0.998904 -0.0457711 -0.00978624 181.411 0.0460813 0.998351 0.0342394 -71.7011 0.00820292 -0.0346529 0.999366 6.42195
0.998958 -0.0455139 -0.00352901 182.274 0.0456122 0.998302 0.0362374 -71.6522 0.0018737 -0.0363606 0.999337 6.44162
0.998877 -0.0471443 -0.00479834 183.129 0.0472839 0.998267 0.0350237 -71.6096 0.00313886 -0.0352113 0.999375 6.45964
0.998719 -0.0490967 -0.0122503 183.977 0.0494896 0.998191 0.0341331 -71.5656 0.0105523 -0.0346956 0.999342 6.47645
0.998412 -0.0512901 -0.0232939 184.821 0.0518445 0.998371 0.0238479 -71.5344 0.0220328 -0.0250176 0.999444 6.49232
0.998157 -0.0537965 -0.0280817 185.67 0.0541582 0.998457 0.0122743 -71.5057 0.027378 -0.0137725 0.99953 6.51345
0.998206 -0.0549562 -0.0237611 186.529 0.0552941 0.998375 0.013794 -71.4571 0.0229644 -0.0150831 0.999623 6.53897
0.998316 -0.0561366 -0.0146347 187.391 0.0564125 0.998224 0.0191635 -71.4005 0.0135329 -0.0199568 0.999709 6.56963
0.998286 -0.057822 -0.00900305 188.241 0.0580068 0.998078 0.021822 -71.3454 0.00772395 -0.0223068 0.999721 6.59537
0.998189 -0.0588033 -0.0126929 189.08 0.0590454 0.998063 0.0196104 -71.2988 0.0115151 -0.0203243 0.999727 6.61382
0.998084 -0.0588516 -0.0191004 189.915 0.0592273 0.99805 0.0197308 -71.2527 0.0179019 -0.0208243 0.999623 6.6304
0.998035 -0.0589384 -0.021266 190.753 0.0594908 0.997881 0.0263465 -71.1914 0.0196682 -0.0275598 0.999427 6.64948
0.998088 -0.0593569 -0.0172341 191.594 0.0598498 0.997767 0.0296409 -71.1348 0.0154362 -0.0306157 0.999412 6.67275
0.998084 -0.0601729 -0.0144181 192.431 0.0606247 0.997606 0.0332627 -71.0791 0.012382 -0.0340731 0.999343 6.69659
0.9981 -0.0605084 -0.0116559 193.267 0.0608961 0.99748 0.0364112 -71.0228 0.00942332 -0.0370518 0.999269 6.71465
0.998066 -0.0609857 -0.0120104 194.097 0.0614241 0.997296 0.0403377 -70.9616 0.00951787 -0.0409974 0.999114 6.73204
0.998004 -0.0615558 -0.0140924 194.922 0.0620598 0.997324 0.0386523 -70.9051 0.0116754 -0.0394497 0.999153 6.74994
0.997849 -0.0624078 -0.0200828 195.735 0.06318 0.997183 0.0404301 -70.846 0.017503 -0.0416119 0.998981 6.76437
0.997749 -0.0636006 -0.0212798 196.547 0.0644424 0.997057 0.0415318 -70.7848 0.0185757 -0.0428097 0.998911 6.77707
0.997912 -0.060774 -0.0218823 197.258 0.0616444 0.997232 0.0415733 -70.741 0.0192952 -0.0428354 0.998896 6.7877
0.998078 -0.0577513 -0.0224771 197.964 0.0586491 0.997413 0.0415705 -70.698 0.0200182 -0.0428089 0.998883 6.79824
0.998235 -0.0547271 -0.0230721 198.67 0.0556524 0.997585 0.0415715 -70.655 0.0207413 -0.0427821 0.998869 6.80878
0.998382 -0.0517031 -0.0236668 199.376 0.052656 0.997747 0.0415762 -70.612 0.0214639 -0.0427551 0.998855 6.81933
0.99852 -0.0486789 -0.0242615 200.082 0.0496592 0.9979 0.0415847 -70.5691 0.0221862 -0.0427279 0.998841 6.82987
