0.999993 -0.00337218 -0.0014702 0.684118 0.0033684 0.999991 -0.00257182 -0.00138884 0.00147886 0.00256686 0.999996 0.0107605
0.999969 -0.00728274 -0.00295044 1.38594 0.00727856 0.999973 -0.00142406 0.00943685 0.00296073 0.00140254 0.999995 0.0158723
0.999926 -0.0113544 -0.00434171 2.10645 0.0113498 0.999935 -0.00108457 0.0173314 0.00435374 0.00103521 0.99999 0.0190047
0.999859 -0.0160597 -0.00499581 2.84901 0.0160623 0.999871 0.000481247 0.0413317 0.00498744 -0.000561423 0.999987 0.0220174
0.999777 -0.0205075 -0.00506385 3.59343 0.0205054 0.99979 -0.000470123 0.0580953 0.00507242 0.000366182 0.999987 0.0294388
0.999665 -0.0252022 -0.00594471 4.34839 0.0252063 0.999682 0.00060288 0.0880569 0.00592763 -0.000752522 0.999982 0.0412593
0.99953 -0.0299574 -0.00656115 5.12983 0.0299826 0.999543 0.00376805 0.120499 0.00644527 -0.003963 0.999971 0.0536895
0.99939 -0.0344583 -0.00564439 5.9269 0.0344908 0.999388 0.00577511 0.153055 0.00544194 -0.00596627 0.999967 0.0558917
0.999242 -0.0388156 -0.0030694 6.73058 0.0388333 0.999228 0.00592938 0.191438 0.00283687 -0.00604408 0.999978 0.0667095
0.999094 -0.0425517 -0.000796372 7.54423 0.0425548 0.999085 0.00434725 0.225276 0.00061066 -0.0043772 0.99999 0.0754629
0.998982 -0.0451035 -0.000744521 8.35613 0.0451064 0.998972 0.0046 0.270392 0.000536279 -0.0046289 0.999989 0.0840068
0.998884 -0.0472212 -0.00136695 9.18009 0.0472268 0.998875 0.00439378 0.31455 0.00115793 -0.00445343 0.999989 0.0836627
0.998795 -0.0490487 -0.00144032 10.0102 0.0490521 0.998793 0.00243533 0.352366 0.00131913 -0.00250305 0.999996 0.0967633
0.998688 -0.0511961 -0.00078262 10.8552 0.0511979 0.998685 0.00253888 0.398878 0.000651611 -0.00257562 0.999996 0.0993888
0.998624 -0.0524344 -0.000739435 11.7163 0.0524344 0.998624 -9.65475e-05 0.441237 0.00074348 5.76429e-05 1 0.106734
0.998531 -0.0541213 -0.00256258 12.5785 0.054123 0.998534 0.000602525 0.500623 0.00252621 -0.000740334 0.999997 0.112704
0.998442 -0.0555464 -0.00526439 13.4504 0.0555563 0.998454 0.00175867 0.55699 0.00515857 -0.0020484 0.999985 0.12214
0.998335 -0.0572713 -0.00681809 14.3301 0.0573109 0.99834 0.00576444 0.618297 0.00647663 -0.0061456 0.99996 0.132531
0.998269 -0.0584155 -0.006866 15.2089 0.058468 0.998259 0.00771566 0.672616 0.00640334 -0.00810374 0.999947 0.136939
0.998196 -0.0598085 -0.00532866 16.1281 0.0598476 0.998179 0.00752583 0.729703 0.00486884 -0.00783116 0.999958 0.144658
0.998115 -0.0612363 -0.0040825 17.0232 0.0612666 0.998091 0.00775116 0.788851 0.00360006 -0.00798667 0.999962 0.158296
0.998051 -0.0623005 -0.00357327 17.9338 0.0623257 0.998028 0.00741193 0.847438 0.00310446 -0.00762019 0.999966 0.17268
0.997953 -0.0638036 -0.00428718 18.8433 0.0638304 0.99794 0.0064441 0.918768 0.00386719 -0.00670456 0.99997 0.17764
0.997884 -0.0648427 -0.00470943 19.7587 0.0648698 0.997877 0.00585041 0.978641 0.00432007 -0.00614353 0.999972 0.188217
0.997843 -0.0655703 -0.00316412 20.6814 0.0655909 0.997823 0.006917 1.03506 0.00270368 -0.00710961 0.999971 0.199509
0.997835 -0.065764 7.91556e-05 21.6101 0.0657607 0.997795 0.00894631 1.10551 -0.000667326 -0.00892173 0.99996 0.207167
0.997876 -0.0650445 0.00368605 22.5491 0.0650078 0.997841 0.0093265 1.17113 -0.00428473 -0.00906706 0.99995 0.209402
0.997953 -0.063588 0.00676446 23.4836 0.0635283 0.997942 0.00870829 1.23299 -0.00730428 -0.00826073 0.999939 0.20954
0.998052 -0.0619012 0.00781283 24.4349 0.0618592 0.99807 0.00550528 1.29781 -0.00813853 -0.00501126 0.999954 0.208133
0.998163 -0.06032 0.00561185 25.3742 0.0602988 0.998173 0.00388775 1.35913 -0.0058361 -0.00354223 0.999977 0.205739
0.998245 -0.0592002 0.00142612 26.3377 0.0591946 0.99824 0.00365086 1.42881 -0.00163974 -0.00356003 0.999992 0.213212
0.998321 -0.0579019 -0.00168986 27.2883 0.0579098 0.998309 0.00513663 1.48739 0.00138958 -0.00522587 0.999985 0.217666
0.998366 -0.0571211 -0.00124033 28.2661 0.0571284 0.998343 0.00690417 1.54402 0.000843901 -0.00696375 0.999975 0.231786
0.998375 -0.0568978 0.00313581 29.238 0.0568741 0.998356 0.00716743 1.60442 -0.00353846 -0.00697743 0.999969 0.234299
0.998303 -0.0578072 0.00706996 30.2231 0.0577942 0.998326 0.00202735 1.66055 -0.00717533 -0.00161531 0.999973 0.233369
0.998244 -0.0587505 0.00757463 31.1964 0.0588139 0.998233 -0.00843189 1.70424 -0.00706587 0.00886257 0.999936 0.235075
0.998172 -0.0602668 0.00459305 32.177 0.0603166 0.998112 -0.0115982 1.76097 -0.00388539 0.011854 0.999922 0.241207
0.998084 -0.0618606 0.00117959 33.1615 0.0618699 0.998022 -0.0111019 1.82319 -0.000490482 0.0111537 0.999938 0.251578
0.997971 -0.0636717 -0.000168436 34.1506 0.0636687 0.997944 -0.0073129 1.89485 0.000633714 0.00728733 0.999973 0.25111
0.997918 -0.0644849 0.000761748 35.1518 0.0644884 0.9979 -0.00604521 1.95877 -0.000370323 0.00608175 0.999981 0.265779
0.997824 -0.0658551 0.00326522 36.1572 0.0658675 0.997821 -0.00385624 2.03508 -0.00300415 0.00406292 0.999987 0.270362
0.997752 -0.0668392 0.00480321 37.1466 0.0668458 0.997763 -0.00122235 2.11169 -0.00471076 0.00154068 0.999988 0.277833
0.997676 -0.0677723 0.00708946 38.1495 0.0677839 0.997699 -0.00140597 2.18889 -0.00697786 0.00188326 0.999974 0.274596
0.99764 -0.0679039 0.0101675 39.1574 0.0679149 0.997691 -0.000736259 2.24999 -0.010094 0.00142504 0.999948 0.28494
0.997563 -0.0686255 0.0126316 40.1628 0.0686058 0.997642 0.00199022 2.33806 -0.0127384 -0.00111877 0.999918 0.280216
0.997574 -0.0684887 0.0124699 41.156 0.068462 0.99765 0.00255768 2.4088 -0.0126158 -0.00169776 0.999919 0.275053
0.997585 -0.0684927 0.0114863 42.1435 0.0684927 0.997652 0.000394192 2.47942 -0.0114863 0.000393487 0.999934 0.273936
0.997618 -0.0683736 0.00910653 43.1389 0.0683434 0.997655 0.00358897 2.55713 -0.00933057 -0.00295805 0.999952 0.277779
0.997553 -0.0693784 0.00861367 44.1375 0.0693291 0.997576 0.00589327 2.63144 -0.00900166 -0.00528167 0.999946 0.279498
0.997451 -0.0706647 0.00991178 45.1346 0.0706457 0.997499 0.00225942 2.69953 -0.0100466 -0.00155344 0.999948 0.275038
0.997383 -0.0714847 0.0108342 46.1237 0.0714571 0.997439 0.00291452 2.77381 -0.0110148 -0.00213271 0.999937 0.272777
0.997386 -0.0716984 0.00893015 47.1091 0.0716809 0.997425 0.00225865 2.84881 -0.0090691 -0.00161262 0.999958 0.285496
0.997363 -0.0724519 0.00425513 48.0777 0.0724317 0.997362 0.00472674 2.92805 -0.00458637 -0.00440606 0.99998 0.28055
0.997339 -0.0728573 0.00261478 49.0528 0.0728402 0.997325 0.00613644 3.00797 -0.00305487 -0.00592964 0.999978 0.288743
0.997304 -0.0732138 0.00503596 50.027 0.0731793 0.997296 0.00672293 3.08036 -0.00551456 -0.00633627 0.999965 0.284098
0.997273 -0.0732724 0.00885952 51.0015 0.0732463 0.997309 0.0032431 3.15173 -0.00907331 -0.00258533 0.999955 0.295184
0.997247 -0.0734966 0.00979519 51.9617 0.0734712 0.997293 0.0029212 3.22546 -0.00998337 -0.00219349 0.999948 0.295578
0.997239 -0.0736556 0.0094845 52.928 0.073667 0.997283 -0.000855786 3.29576 -0.0093957 0.00155212 0.999955 0.301558
0.997214 -0.0741058 0.00851109 53.8933 0.0741395 0.997241 -0.00371829 3.36131 -0.00821206 0.00433894 0.999957 0.311435
0.997139 -0.0750071 0.00933018 54.8479 0.0750532 0.997168 -0.004691 3.4357 -0.0089519 0.00537784 0.999945 0.308995
0.99704 -0.0757926 0.0129274 55.8004 0.0758748 0.997099 -0.00598693 3.50587 -0.0124361 0.00695007 0.999898 0.30393
0.996893 -0.076587 0.0184285 56.7702 0.0767382 0.997022 -0.00764187 3.57102 -0.0177884 0.0090323 0.999801 0.312232
0.996788 -0.0772711 0.0210317 57.7218 0.0774498 0.996966 -0.00782083 3.65267 -0.0203635 0.00942462 0.999748 0.301414
0.996743 -0.0784797 0.0185542 58.6618 0.0786426 0.996869 -0.00822289 3.73291 -0.0178508 0.00965526 0.999794 0.299507
0.996725 -0.0799922 0.0118361 59.5975 0.0800826 0.996761 -0.00736933 3.81697 -0.0112083 0.00829307 0.999903 0.300701
0.996711 -0.0808031 0.00623714 60.5121 0.0808332 0.996716 -0.0047393 3.89085 -0.00583371 0.00522788 0.999969 0.305985
0.996634 -0.081789 0.00560383 61.4257 0.0817831 0.996649 0.00126407 3.98348 -0.00568845 -0.000801516 0.999983 0.297387
0.99656 -0.0825311 0.00759115 62.3275 0.0824967 0.99658 0.00473488 4.06713 -0.00795596 -0.00409235 0.99996 0.303899
0.996453 -0.0836675 0.0090306 63.2095 0.0836245 0.996485 0.00503474 4.14921 -0.0094201 -0.0042617 0.999947 0.308824
0.996356 -0.0848105 0.0090267 64.0857 0.0847625 0.996386 0.00556555 4.22764 -0.00946609 -0.00478015 0.999944 0.31471
0.996219 -0.0863562 0.00951582 64.9357 0.0862896 0.996244 0.00720386 4.30758 -0.0101022 -0.00635551 0.999929 0.316695
0.996102 -0.0876298 0.0101106 65.782 0.0875545 0.99613 0.00766641 4.38819 -0.0107433 -0.00675129 0.999919 0.320283
0.995968 -0.0890925 0.010492 66.6103 0.0890061 0.995995 0.00843877 4.46771 -0.0112018 -0.00747089 0.999909 0.326606
0.995843 -0.090349 0.0115483 67.4248 0.090256 0.995884 0.00833811 4.54404 -0.0122541 -0.00726115 0.999899 0.329108
0.995695 -0.0916663 0.0137383 68.23 0.0915065 0.995734 0.0118417 4.62456 -0.0147652 -0.0105336 0.999835 0.332444
0.995524 -0.092936 0.0171922 69.0251 0.0927024 0.995597 0.0139185 4.70054 -0.01841 -0.0122624 0.999755 0.324397
0.995324 -0.0946206 0.0194203 69.805 0.0943546 0.995438 0.0141857 4.78294 -0.0206739 -0.012287 0.999711 0.321637
0.995235 -0.0960463 0.0168116 70.5586 0.0958157 0.9953 0.0140264 4.86367 -0.0180797 -0.0123488 0.99976 0.334578
0.995219 -0.0971693 0.00981702 71.2821 0.0970292 0.995185 0.013869 4.94036 -0.0111174 -0.0128501 0.999856 0.33126
0.995131 -0.0984873 0.00375221 71.9966 0.0984285 0.995052 0.0135058 5.01778 -0.00506379 -0.0130707 0.999902 0.335996
0.995098 -0.0988843 0.00168558 72.6859 0.0988412 0.994956 0.017138 5.09006 -0.00337175 -0.0168874 0.999852 0.33522
0.995023 -0.0995626 0.00417307 73.3705 0.0994549 0.994823 0.0208982 5.16795 -0.00623214 -0.0203791 0.999773 0.339777
0.994875 -0.100898 0.00656494 74.0278 0.100757 0.994729 0.0190261 5.24314 -0.00845003 -0.0182671 0.999797 0.344403
0.994807 -0.101679 0.00459144 74.6625 0.101596 0.994701 0.0157385 5.30331 -0.00616739 -0.0151903 0.999866 0.354398
0.994822 -0.10163 0.000507197 75.2797 0.101622 0.994786 0.00856234 5.35519 -0.00137474 -0.00846646 0.999963 0.364868
0.994926 -0.100547 -0.00363796 75.8754 0.100563 0.994922 0.00428605 5.41699 0.00318854 -0.00463014 0.999984 0.376373
0.995205 -0.0977051 -0.00450243 76.4616 0.097735 0.995188 0.00698046 5.48331 0.00379874 -0.00738704 0.999965 0.383967
0.995603 -0.0936392 -0.00242226 77.0291 0.0936615 0.995533 0.0119103 5.55037 0.00129617 -0.0120848 0.999926 0.383833
0.99603 -0.0890117 0.000521332 77.5847 0.0890009 0.995973 0.0108094 5.59752 -0.0014814 -0.0107201 0.999941 0.386613
0.996503 -0.0834063 0.00498123 78.129 0.0833648 0.996487 0.00802467 5.63776 -0.00563303 -0.00758135 0.999955 0.391922
0.997098 -0.0755925 0.00899698 78.6504 0.0755602 0.997134 0.00387197 5.66655 -0.00926388 -0.00318092 0.999952 0.403559
0.99782 -0.065308 0.0095419 79.1675 0.0652507 0.99785 0.00619554 5.70281 -0.009926 -0.00555942 0.999935 0.421099
0.998666 -0.0507852 0.00933002 79.6732 0.0506852 0.998658 0.0106661 5.73198 -0.00985917 -0.010179 0.9999 0.428414
0.999408 -0.0329956 0.009789 80.1498 0.0328399 0.999338 0.0156596 5.7515 -0.0102992 -0.0153289 0.999829 0.42075
0.999876 -0.0114651 0.0107904 80.6241 0.0113083 0.999831 0.0144847 5.74281 -0.0109547 -0.0143609 0.999837 0.414785
0.999819 0.0145178 0.0122839 81.0781 -0.0146648 0.999821 0.0119647 5.72264 -0.012108 -0.0121427 0.999853 0.419561
0.998934 0.0438548 0.0143844 81.5205 -0.0440128 0.998972 0.0108635 5.69082 -0.0138932 -0.011485 0.999838 0.428795
0.99694 0.0763896 0.0166085 81.9581 -0.0765692 0.997009 0.0104547 5.64195 -0.0157602 -0.0116944 0.999807 0.433159
0.993384 0.113482 0.0176015 82.3804 -0.113673 0.993465 0.0102991 5.59076 -0.0163177 -0.0122318 0.999792 0.433719
0.987763 0.154833 0.0187167 82.7978 -0.155043 0.987853 0.010372 5.51773 -0.0168834 -0.013147 0.999771 0.432305
0.979667 0.199719 0.0191138 83.1989 -0.199938 0.979754 0.0103207 5.42778 -0.0166656 -0.0139324 0.999764 0.430961
0.968452 0.248514 0.0184819 83.5781 -0.248753 0.968493 0.0119672 5.32492 -0.0149256 -0.0161871 0.999758 0.428957
0.953558 0.300724 0.0170806 83.956 -0.300948 0.953559 0.0124811 5.19763 -0.012534 -0.0170419 0.999776 0.429539
0.934404 0.355848 0.0161591 84.319 -0.356057 0.934379 0.0126308 5.04411 -0.0106041 -0.0175559 0.99979 0.430016
0.910947 0.412227 0.0156321 84.6596 -0.412428 0.910896 0.0130683 4.86632 -0.0088521 -0.0183517 0.999792 0.431798
0.882856 0.469416 0.0146299 84.9879 -0.469599 0.882775 0.0136255 4.66798 -0.00651893 -0.0188995 0.9998 0.417561
0.850506 0.525802 0.0130698 85.3018 -0.525943 0.850435 0.0120395 4.44183 -0.0047846 -0.0171136 0.999842 0.424544
0.814697 0.579743 0.0129391 85.5963 -0.579875 0.814625 0.0115023 4.19483 -0.00387215 -0.0168739 0.99985 0.431637
0.775769 0.630858 0.0141925 85.8813 -0.631 0.775717 0.0100806 3.93533 -0.00464995 -0.0167757 0.999848 0.447619
0.734076 0.678858 0.0168724 86.1469 -0.679039 0.734047 0.00903225 3.66416 -0.00625354 -0.0180874 0.999817 0.445905
0.689861 0.723738 0.0171482 86.3974 -0.723916 0.689842 0.0079809 3.37439 -0.00605347 -0.0179196 0.999821 0.439289
0.644227 0.764696 0.014553 86.6226 -0.764821 0.644211 0.00634446 3.06016 -0.0045236 -0.0152177 0.999874 0.434493
0.598079 0.801361 0.0110407 86.8314 -0.801427 0.598082 0.00336975 2.72957 -0.00390289 -0.0108637 0.999933 0.445727
0.551973 0.83377 0.0124122 87.0248 -0.833855 0.55197 0.00397058 2.4056 -0.00354063 -0.0125417 0.999915 0.467304
0.505419 0.862743 0.0150087 87.2063 -0.862871 0.505386 0.00620682 2.07044 -0.00223031 -0.0160876 0.999868 0.471908
0.460149 0.887709 0.0153531 87.376 -0.887842 0.46008 0.00794516 1.7261 -1.06427e-05 -0.017287 0.999851 0.467668
0.417809 0.908488 0.0092041 87.5256 -0.908532 0.417762 0.00666317 1.37011 0.00220829 -0.0111462 0.999935 0.435272
0.377611 0.925963 -0.00166826 87.6402 -0.925964 0.377611 -0.000378683 0.99842 0.000279308 0.00168775 0.999999 0.441414
0.341488 0.93987 -0.00556725 87.7581 -0.93988 0.341457 -0.00572728 0.638415 -0.00348192 0.00718834 0.999968 0.468526
0.307963 0.951392 -0.00356663 87.8752 -0.951395 0.307951 -0.00360305 0.278222 -0.00232957 0.00450289 0.999987 0.501967
0.276786 0.96092 0.00476388 87.9985 -0.96093 0.276773 0.00325977 -0.094842 0.00181386 -0.00548001 0.999983 0.514594
0.24802 0.96871 0.00931752 88.1061 -0.968737 0.247945 0.00842273 -0.47428 0.00584895 -0.0111152 0.999921 0.50443
0.222 0.975012 0.00826614 88.1864 -0.975012 0.221913 0.0102689 -0.866241 0.0081779 -0.0103393 0.999913 0.497783
0.198063 0.980189 0.00112927 88.2578 -0.980129 0.198038 0.0112733 -1.27198 0.0108263 -0.00333965 0.999936 0.491694
0.17716 0.984155 -0.00731778 88.318 -0.984033 0.177257 0.01607 -1.6815 0.0171125 0.00435399 0.999844 0.503894
0.157499 0.987472 -0.00960866 88.3812 -0.987229 0.157681 0.0227036 -2.10867 0.0239343 0.00591016 0.999696 0.507634
0.139549 0.9902 -0.00548572 88.4463 -0.989906 0.139641 0.0242312 -2.54867 0.0247597 0.00204892 0.999691 0.519412
0.124062 0.992273 -0.00181593 88.5085 -0.992063 0.124073 0.0204114 -3.00647 0.020479 -0.000730762 0.99979 0.523904
0.109533 0.993981 -0.0018265 88.5563 -0.993834 0.109548 0.0171362 -3.46783 0.0172331 -6.17364e-05 0.999852 0.537208
0.0965136 0.995326 -0.00321876 88.6025 -0.995218 0.096551 0.0147933 -3.95549 0.0150349 0.00177562 0.999885 0.546348
0.0850298 0.996352 -0.007264 88.6328 -0.996276 0.0851232 0.0137026 -4.44956 0.014271 0.00607182 0.99988 0.556327
0.0748046 0.997146 -0.0102313 88.6614 -0.997091 0.0749431 0.0139005 -4.97135 0.0146276 0.00916174 0.999851 0.56896
0.0668959 0.997683 -0.0124077 88.6929 -0.997645 0.067072 0.0143649 -5.50239 0.0151639 0.0114176 0.99982 0.57976
0.0609905 0.998038 -0.014182 88.7297 -0.998018 0.0611973 0.0146369 -6.04778 0.015476 0.0132612 0.999792 0.589575
0.0556439 0.998346 -0.0144795 88.755 -0.998318 0.0558671 0.0155015 -6.60772 0.0162848 0.0135926 0.999775 0.600306
0.0495359 0.998661 -0.0149222 88.7779 -0.998631 0.0497745 0.0160625 -7.19129 0.0167838 0.0141061 0.99976 0.608098
0.0450988 0.998835 -0.0171583 88.8026 -0.998838 0.045378 0.0162456 -7.79628 0.0170053 0.0164057 0.999721 0.617146
0.0423057 0.998942 -0.0180395 88.8311 -0.998964 0.042596 0.0160235 -8.41727 0.016775 0.0173429 0.999709 0.630764
0.0393267 0.999054 -0.01855 88.8572 -0.999094 0.0396169 0.0155457 -9.05539 0.0162659 0.0179218 0.999707 0.645722
0.0369312 0.999122 -0.0197675 88.8725 -0.999189 0.0372369 0.0153271 -9.71295 0.0160497 0.0191855 0.999687 0.648976
0.0357713 0.999078 -0.0237235 88.8955 -0.999238 0.0361284 0.0147995 -10.3909 0.0156429 0.023176 0.999609 0.663711
0.0367553 0.998952 -0.0272585 88.9128 -0.999209 0.0371523 0.0142043 -11.0913 0.0152021 0.0267149 0.999528 0.677428
0.039333 0.998802 -0.0291125 88.9393 -0.999111 0.0397544 0.0140374 -11.7999 0.0151779 0.0285345 0.999478 0.695026
0.0430033 0.998611 -0.0304449 88.9671 -0.998956 0.0434474 0.0140818 -12.5219 0.0153849 0.0298076 0.999437 0.704682
0.0473405 0.998392 -0.0311819 89.0005 -0.998763 0.0477871 0.0137349 -13.2655 0.0152029 0.0304931 0.999419 0.716179
0.0510752 0.998153 -0.0329003 89.0341 -0.998597 0.0515041 0.0123232 -14.0297 0.0139949 0.0322247 0.999383 0.728745
0.0553213 0.997925 -0.0329448 89.0862 -0.998391 0.0556987 0.0106494 -14.8158 0.0124622 0.0323026 0.9994 0.742255
0.0595979 0.997766 -0.0301809 89.1464 -0.998164 0.0598952 0.00904166 -15.6144 0.0108292 0.0295866 0.999504 0.753996
0.0634818 0.997571 -0.0286909 89.1944 -0.997936 0.0637323 0.00790268 -16.4057 0.00971202 0.02813 0.999557 0.766978
0.0675622 0.997353 -0.0268924 89.2488 -0.997664 0.0678066 0.00828232 -17.2055 0.0100839 0.02627 0.999604 0.784836
0.0708842 0.997162 -0.0253483 89.3135 -0.997391 0.0712022 0.0118698 -18.0133 0.013641 0.0244408 0.999608 0.807026
0.0722469 0.997125 -0.0228509 89.3887 -0.997212 0.0726436 0.0170333 -18.8271 0.0186443 0.0215566 0.999594 0.821685
0.0723997 0.997207 -0.0183351 89.4612 -0.997147 0.0727644 0.0200731 -19.638 0.0213511 0.0168295 0.99963 0.841244
0.0729353 0.997226 -0.0148904 89.5326 -0.997114 0.0732262 0.0200253 -20.4674 0.0210601 0.0133869 0.999689 0.858823
0.0732239 0.997238 -0.0124514 89.6001 -0.997128 0.0734469 0.0184993 -21.2849 0.0193627 0.011061 0.999751 0.885245
0.0728603 0.997241 -0.0142193 89.6652 -0.997182 0.0730969 0.016897 -22.1037 0.0178897 0.0129481 0.999756 0.90544
0.0731855 0.997247 -0.0118875 89.7356 -0.99717 0.073375 0.016373 -22.9241 0.0172002 0.0106556 0.999795 0.928257
0.0734472 0.997249 -0.0100266 89.8028 -0.997153 0.0736049 0.0163976 -23.7398 0.0170905 0.00879367 0.999815 0.952801
0.0734642 0.997263 -0.00828295 89.868 -0.997147 0.073595 0.0167908 -24.5683 0.0173545 0.0070258 0.999825 0.977071
0.0723951 0.99737 -0.00353973 89.9392 -0.99721 0.0724474 0.0180043 -25.3763 0.0182134 0.00222643 0.999832 1.004
0.0697151 0.997566 -0.00154312 90.0045 -0.997408 0.0697315 0.0177258 -26.1964 0.0177903 0.000303365 0.999842 1.02942
0.0662151 0.997803 0.00223599 90.0723 -0.997673 0.0661697 0.0164328 -27.0063 0.0162487 -0.00331889 0.999862 1.04731
0.0613807 0.998106 0.00415723 90.1343 -0.998021 0.0613174 0.0139525 -27.8213 0.0136712 -0.00500541 0.999894 1.072
0.0553783 0.998444 0.00649585 90.1949 -0.998393 0.0552947 0.0124012 -28.64 0.0120228 -0.00717217 0.999902 1.0941
0.0477685 0.998843 0.00556638 90.2429 -0.998789 0.0476985 0.0120877 -29.4656 0.0118082 -0.00613705 0.999911 1.1154
0.0387539 0.999233 0.00560253 90.2821 -0.99917 0.0386797 0.0127893 -30.2787 0.0125628 -0.00609351 0.999903 1.13561
0.0289376 0.999564 0.00592706 90.3073 -0.999502 0.02886 0.0127934 -31.0868 0.0126168 -0.00629431 0.999901 1.1527
0.0186439 0.999814 0.00493303 90.3248 -0.999753 0.0185826 0.012178 -31.8807 0.0120841 -0.00515886 0.999914 1.17296
0.00772697 0.999951 0.00622652 90.3392 -0.999911 0.00765878 0.0109015 -32.6748 0.0108532 -0.0063102 0.999921 1.19517
-0.00349081 0.999978 0.00571373 90.3351 -0.999943 -0.00354815 0.0100619 -33.4606 0.0100819 -0.00567828 0.999933 1.20726
-0.0144136 0.99988 0.00564987 90.3284 -0.99984 -0.0144722 0.010474 -34.2615 0.0105545 -0.005498 0.999929 1.23302
-0.0252905 0.99967 0.00446665 90.3155 -0.99962 -0.0253376 0.0108163 -35.0465 0.0109259 -0.00419141 0.999932 1.2545
-0.0361868 0.999334 0.00479268 90.2912 -0.999275 -0.0362405 0.011622 -35.8233 0.0117879 -0.00436865 0.999921 1.27303
-0.0462058 0.998923 0.00418193 90.2574 -0.998853 -0.0462544 0.012393 -36.5995 0.0125731 -0.0036045 0.999914 1.29151
-0.0561006 0.99842 0.00301979 90.2191 -0.99834 -0.0561351 0.0128932 -37.358 0.0130424 -0.00229146 0.999912 1.3064
-0.0654632 0.997849 0.00342349 90.1745 -0.997767 -0.0655026 0.013067 -38.115 0.0132631 -0.00256044 0.999909 1.328
-0.0747972 0.997196 0.00249582 90.1244 -0.997108 -0.0748239 0.0133012 -38.8628 0.0134507 -0.0014937 0.999908 1.34924
-0.0833839 0.996516 0.0013906 90.0575 -0.996436 -0.0833949 0.012635 -39.607 0.012707 -0.000332087 0.999919 1.36876
-0.0907379 0.995874 0.00123056 89.9924 -0.995809 -0.0907462 0.0114164 -40.3511 0.011481 -0.000189498 0.999934 1.38686
-0.0958381 0.995396 -0.000953015 89.9282 -0.995348 -0.0958238 0.0100082 -41.0743 0.00987082 0.00190775 0.999949 1.40823
-0.0997618 0.995009 -0.00220453 89.8492 -0.99498 -0.0997407 0.00818682 -41.7953 0.00792608 0.0030102 0.999964 1.42457
-0.102644 0.99471 -0.00411802 89.7783 -0.994697 -0.102614 0.00693454 -42.5062 0.00647529 0.00480797 0.999967 1.43924
-0.104504 0.994506 -0.00608022 89.7062 -0.99451 -0.104468 0.00604508 -43.1894 0.00537668 0.00667857 0.999963 1.45321
-0.105106 0.994445 -0.0055439 89.6431 -0.994443 -0.10507 0.00652299 -43.8681 0.00590426 0.0061987 0.999963 1.46566
-0.104095 0.994544 -0.00677703 89.5682 -0.994546 -0.104045 0.0073358 -44.5289 0.00659066 0.00750369 0.99995 1.48041
-0.100975 0.994861 -0.00740038 89.5033 -0.994857 -0.10091 0.00877327 -45.1756 0.00798142 0.0082482 0.999934 1.49324
-0.0957571 0.995374 -0.00784863 89.439 -0.995367 -0.095682 0.0094421 -45.7987 0.00864745 0.00871642 0.999925 1.50722
-0.0879778 0.996095 -0.00735469 89.3831 -0.996078 -0.0879019 0.0100695 -46.4127 0.0093837 0.00821174 0.999922 1.51961
-0.0767971 0.997032 -0.00545584 89.3451 -0.996999 -0.076739 0.0101871 -47.0069 0.00973818 0.0062218 0.999933 1.53417
-0.0631523 0.997992 -0.00482944 89.3129 -0.997952 -0.0630989 0.0105129 -47.5753 0.010187 0.00548346 0.999933 1.55136
-0.0457572 0.998942 -0.00453178 89.2947 -0.998883 -0.0456998 0.0120493 -48.13 0.0118294 0.00507806 0.999917 1.56302
-0.0249269 0.999682 -0.00375942 89.2994 -0.999579 -0.0248681 0.0149333 -48.6786 0.0148351 0.00413008 0.999881 1.57676
-0.000350714 0.999998 -0.00201859 89.311 -0.999841 -0.000314593 0.0178471 -49.2209 0.0178464 0.00202453 0.999839 1.59698
0.0276194 0.999618 -0.000631608 89.345 -0.999425 0.0276265 0.0196356 -49.7539 0.0196456 8.89217e-05 0.999807 1.61442
0.0605003 0.998168 0.000234826 89.3988 -0.997971 0.0604837 0.0199176 -50.2917 0.0198669 -0.00143937 0.999802 1.62737
0.0981781 0.995169 0.000322246 89.4742 -0.995 0.0981556 0.0184312 -50.8286 0.0183105 -0.00213018 0.99983 1.6312
0.139779 0.990182 0.000766254 89.5794 -0.99007 0.139751 0.0151978 -51.3434 0.0149415 -0.00288298 0.999884 1.64345
0.184556 0.982817 0.00308583 89.7099 -0.98276 0.184508 0.0118221 -51.8578 0.0110496 -0.00521447 0.999925 1.65458
0.232473 0.972577 0.00710601 89.8682 -0.972579 0.23241 0.00873943 -52.359 0.00684826 -0.00894284 0.999937 1.67333
0.283318 0.958973 0.0100844 90.0538 -0.959017 0.283255 0.0072833 -52.855 0.00412803 -0.0117346 0.999923 1.68991
0.337222 0.941364 0.0107394 90.2629 -0.94142 0.337159 0.00725074 -53.3272 0.00320472 -0.0125553 0.999916 1.69077
0.39457 0.918836 0.00742177 90.4943 -0.918857 0.394517 0.00767385 -53.7793 0.004123 -0.00984742 0.999943 1.70611
0.45411 0.890936 0.00406727 90.7449 -0.890916 0.454052 0.0102707 -54.2119 0.00730377 -0.00828761 0.999939 1.72372
0.513143 0.858302 -0.00109944 91.021 -0.858215 0.513108 0.0136717 -54.6056 0.0122985 -0.00607197 0.999906 1.741
0.571273 0.820759 -0.00166457 91.3271 -0.820607 0.571204 0.0181825 -54.9888 0.0158742 -0.00902119 0.999833 1.75575
0.626816 0.779162 -0.00300534 91.6647 -0.778943 0.626723 0.0215632 -55.3365 0.0186847 -0.0111752 0.999763 1.75636
0.679562 0.733599 -0.00528991 92.0097 -0.733331 0.679481 0.0230673 -55.6599 0.0205165 -0.0117964 0.99972 1.757
0.728574 0.684932 -0.00697959 92.3666 -0.684669 0.72852 0.022051 -55.9674 0.0201882 -0.0112871 0.999732 1.75952
0.773836 0.633375 -0.00376766 92.7456 -0.633208 0.773746 0.0191186 -56.2475 0.0150244 -0.0124089 0.99981 1.77704
0.81524 0.579122 -0.00052709 93.1473 -0.579053 0.815156 0.0147597 -56.4979 0.00897735 -0.0117275 0.999891 1.77678
0.851674 0.524049 0.0049271 93.5692 -0.524067 0.851591 0.0120697 -56.7148 0.00212924 -0.0128616 0.999915 1.79385
0.882732 0.469778 0.00962262 93.9829 -0.469861 0.882686 0.00981423 -56.9057 -0.00388324 -0.0131846 0.999906 1.79132
0.908242 0.418143 0.0158809 94.411 -0.418308 0.908261 0.0089506 -57.0725 -0.0106814 -0.0147724 0.999834 1.81036
0.928481 0.370864 0.019557 94.8454 -0.371104 0.928534 0.0103525 -57.2174 -0.0143199 -0.0168697 0.999755 1.82157
0.94371 0.32994 0.0234646 95.2844 -0.330327 0.943747 0.0150238 -57.3326 -0.0171877 -0.0219291 0.999612 1.82023
0.955454 0.294247 0.0229273 95.7359 -0.294694 0.955396 0.019338 -57.4479 -0.0162145 -0.0252331 0.99955 1.81796
0.964577 0.262952 0.0211671 96.1907 -0.263394 0.964442 0.0218059 -57.5569 -0.0146805 -0.0266087 0.999538 1.78843
0.970386 0.240744 0.0198283 96.6474 -0.241091 0.970345 0.0174816 -57.6727 -0.0150318 -0.0217443 0.999651 1.78646
0.974107 0.225253 0.01943 97.1224 -0.225553 0.974117 0.0149147 -57.7687 -0.0155675 -0.018911 0.9997 1.78569
0.976926 0.212627 0.0201128 97.6277 -0.212995 0.976881 0.0183678 -57.8537 -0.0157423 -0.022228 0.999629 1.79219
0.978904 0.203213 0.0212248 98.1337 -0.203686 0.978762 0.0231733 -57.9344 -0.0160649 -0.0270076 0.999506 1.77974
0.980145 0.19716 0.0210788 98.6495 -0.197735 0.979795 0.0300407 -58.0164 -0.0147301 -0.0336123 0.999326 1.77674
0.980752 0.19438 0.0184679 99.1673 -0.194937 0.980163 0.0357823 -58.0934 -0.0111462 -0.0386937 0.999189 1.76939
0.980894 0.193906 0.0157538 99.7122 -0.194376 0.980196 0.0378586 -58.1879 -0.00810082 -0.0401974 0.999159 1.75909
0.980423 0.196543 0.0119181 100.259 -0.196847 0.979798 0.0353223 -58.3011 -0.00473498 -0.0369768 0.999305 1.75432
0.979606 0.200861 0.00512961 100.816 -0.20092 0.979065 0.0325921 -58.4168 0.00152424 -0.032958 0.999456 1.76031
0.978733 0.205135 0.00148346 101.387 -0.205058 0.978111 0.0353632 -58.5375 0.00580324 -0.0349153 0.999373 1.7619
0.977756 0.209715 0.00349528 101.967 -0.209678 0.976893 0.0414134 -58.6416 0.00527051 -0.0412251 0.999136 1.76597
0.976547 0.21515 0.00812394 102.572 -0.215296 0.975506 0.0451136 -58.7632 0.00178124 -0.0458046 0.998949 1.75835
0.975492 0.219705 0.0120612 103.181 -0.220023 0.974566 0.0425593 -58.8974 -0.00240396 -0.04417 0.999021 1.75508
0.974534 0.223602 0.0169005 103.809 -0.224111 0.973759 0.0395848 -59.0481 -0.00760578 -0.0423643 0.999073 1.752
0.973655 0.227024 0.0213608 104.445 -0.22769 0.973032 0.0369607 -59.1939 -0.0123938 -0.0408506 0.999088 1.75221
0.972991 0.229912 0.0207145 105.083 -0.230486 0.972558 0.0317458 -59.3513 -0.0128473 -0.0356628 0.999281 1.74949
0.972909 0.23058 0.0167341 105.73 -0.230975 0.972565 0.0277018 -59.5126 -0.00988752 -0.0308165 0.999476 1.73797
0.973087 0.230226 0.00986937 106.391 -0.23041 0.972739 0.0262783 -59.6703 -0.00355037 -0.0278451 0.999606 1.74303
0.97331 0.22946 0.00388087 107.055 -0.229472 0.972849 0.0301312 -59.8244 0.00313841 -0.0302176 0.999538 1.74529
0.973869 0.227107 0.00100998 107.743 -0.227011 0.97331 0.0336563 -59.9768 0.00666055 -0.0330061 0.999433 1.75653
0.974449 0.224542 0.00545946 108.443 -0.224591 0.973789 0.0359598 -60.1301 0.0027581 -0.0362671 0.999338 1.74454
0.974739 0.223013 0.0122331 109.165 -0.223304 0.974171 0.0335491 -60.2949 -0.0044353 -0.0354333 0.999362 1.74926
0.975295 0.220182 0.0178794 109.892 -0.220672 0.97479 0.032977 -60.4535 -0.0101678 -0.0361078 0.999296 1.74832
0.975672 0.218532 0.0175315 110.62 -0.219015 0.975149 0.0334295 -60.6045 -0.00979036 -0.0364559 0.999287 1.7539
0.976181 0.21647 0.0145236 111.362 -0.216878 0.97544 0.0384866 -60.7572 -0.00583571 -0.0407198 0.999154 1.75141
0.977016 0.212972 0.00911628 112.112 -0.213167 0.976188 0.0402019 -60.9203 -0.000337322 -0.0412212 0.99915 1.75104
0.977911 0.208927 0.00625106 112.871 -0.209009 0.977089 0.0401444 -61.0813 0.00227943 -0.0405642 0.999174 1.74811
0.978729 0.205042 0.00686372 113.652 -0.205153 0.977967 0.0386304 -61.2414 0.00120836 -0.0392168 0.99923 1.74581
0.979432 0.20161 0.00816617 114.459 -0.201773 0.978794 0.0353515 -61.411 -0.000865784 -0.0362721 0.999342 1.75476
0.979843 0.199497 0.0103956 115.266 -0.199739 0.979253 0.0341628 -61.5767 -0.00336458 -0.0355506 0.999362 1.75646
0.98012 0.198043 0.0119568 116.062 -0.198319 0.979679 0.0299669 -61.7446 -0.00577907 -0.0317424 0.999479 1.75179
0.980191 0.197654 0.0125793 116.869 -0.19792 0.979883 0.0256087 -61.9111 -0.00726461 -0.0275912 0.999593 1.75677
0.980275 0.197112 0.0143913 117.694 -0.197438 0.979954 0.0266186 -62.0722 -0.00885596 -0.0289349 0.999542 1.75692
0.980198 0.197549 0.0136346 118.514 -0.197876 0.979785 0.0294361 -62.2272 -0.0075439 -0.0315511 0.999474 1.76187
0.980108 0.198121 0.0117059 119.338 -0.198412 0.979516 0.0343583 -62.3784 -0.004659 -0.0359974 0.999341 1.75722
0.97994 0.198916 0.0122227 120.178 -0.199264 0.978973 0.0436563 -62.5282 -0.00328173 -0.0452162 0.998972 1.75895
0.979376 0.201525 0.014505 121.016 -0.202006 0.978079 0.0505515 -62.6885 -0.00399962 -0.0524391 0.998616 1.76437
0.978741 0.204454 0.0162554 121.856 -0.205036 0.977326 0.0528512 -62.8467 -0.00508123 -0.0550606 0.99847 1.75634
0.978165 0.207223 0.0158523 122.702 -0.207781 0.976726 0.0532325 -63.0204 -0.00445237 -0.055364 0.998456 1.76096
0.977767 0.209268 0.0133585 123.542 -0.209679 0.976462 0.0505619 -63.1875 -0.0024631 -0.0522388 0.998632 1.76329
0.977474 0.210704 0.0121665 124.392 -0.211039 0.976477 0.0442154 -63.3756 -0.00256396 -0.0457871 0.998948 1.76271
0.977449 0.210906 0.0106249 125.234 -0.211161 0.9767 0.0383171 -63.5714 -0.00229607 -0.0396965 0.999209 1.77395
0.977281 0.211691 0.0103969 126.081 -0.211932 0.976594 0.036715 -63.7584 -0.00238129 -0.0380843 0.999272 1.7972
0.976905 0.213246 0.0135438 126.925 -0.213619 0.976142 0.0389094 -63.9415 -0.00492341 -0.040904 0.999151 1.80554
0.97657 0.214271 0.0199931 127.773 -0.214941 0.975741 0.0415968 -64.1156 -0.0105951 -0.0449195 0.998934 1.80062
0.976279 0.215146 0.0243345 128.62 -0.216042 0.975408 0.0436367 -64.2914 -0.0143479 -0.0478588 0.998751 1.79131
0.976122 0.216501 0.0177088 129.439 -0.217082 0.975186 0.0434432 -64.4677 -0.00786389 -0.0462501 0.998899 1.77784
0.976123 0.217205 0.0023175 130.252 -0.217119 0.975307 0.0404351 -64.6541 0.00652241 -0.0399728 0.999179 1.77325
0.976188 0.216856 -0.00558402 131.074 -0.216501 0.975559 0.0375878 -64.8372 0.0135987 -0.0354838 0.999278 1.81341
0.976407 0.215917 0.00314685 131.913 -0.215886 0.975737 0.0364639 -65.0232 0.00480268 -0.036283 0.99933 1.82704
0.976458 0.214544 0.0223727 132.765 -0.215169 0.976092 0.0307733 -65.2073 -0.0152356 -0.0348627 0.999276 1.82371
0.976375 0.213112 0.0357001 133.596 -0.214031 0.976527 0.0242193 -65.3927 -0.0297006 -0.0312881 0.999069 1.81239
0.976749 0.212268 0.0300475 134.41 -0.213041 0.976713 0.0254017 -65.5638 -0.0239558 -0.0312124 0.999226 1.80149
0.977309 0.211149 0.0168407 135.218 -0.211612 0.976777 0.033567 -65.721 -0.00936196 -0.036369 0.999295 1.81388
0.977654 0.210027 0.00896747 136.027 -0.210216 0.976955 0.0369891 -65.8917 -0.000992096 -0.0380477 0.999275 1.79206
0.978042 0.208254 0.00798749 136.839 -0.208406 0.97741 0.035167 -66.0616 -0.0004834 -0.0360595 0.99935 1.80732
0.978586 0.205609 0.00968566 137.662 -0.205822 0.97799 0.0342413 -66.2336 -0.00243217 -0.0355016 0.999367 1.82507
0.979368 0.20192 0.00815844 138.471 -0.20208 0.978818 0.0328533 -66.3971 -0.00135188 -0.0338242 0.999427 1.83761
0.980262 0.197572 0.0072116 139.29 -0.197703 0.979671 0.0340252 -66.5509 -0.000342582 -0.0347794 0.999395 1.84234
0.980941 0.194158 0.00763288 140.095 -0.194308 0.980175 0.038761 -66.7106 4.41973e-05 -0.0395054 0.999219 1.85088
0.981393 0.191832 0.00822052 140.897 -0.192008 0.980431 0.0434591 -66.8517 0.000277203 -0.0442289 0.999021 1.85657
0.981684 0.190232 0.0104376 141.711 -0.190512 0.980629 0.0455173 -66.9963 -0.00157655 -0.046672 0.998909 1.86063
0.981916 0.188778 0.0143029 142.514 -0.189239 0.980895 0.0450983 -67.1544 -0.00551611 -0.0469894 0.99888 1.85571
0.982212 0.187213 0.0145032 143.308 -0.187674 0.981277 0.0432926 -67.3043 -0.00612677 -0.0452444 0.998957 1.8686
0.982704 0.184847 0.0111717 144.12 -0.185152 0.981872 0.0405649 -67.4519 -0.00347091 -0.0419317 0.999114 1.87667
0.983522 0.180651 0.00703186 144.922 -0.180787 0.982829 0.0369305 -67.5999 -0.000239597 -0.0375932 0.999293 1.88209
0.984677 0.174299 0.00560966 145.724 -0.174389 0.984055 0.0350034 -67.7338 0.000580858 -0.0354453 0.999371 1.8927
0.985791 0.167688 0.00983107 146.517 -0.167937 0.985142 0.0359645 -67.8749 -0.00365416 -0.0371045 0.999305 1.88356
0.986716 0.161547 0.0171578 147.315 -0.16204 0.986236 0.0328758 -68.001 -0.0116107 -0.0352193 0.999312 1.88349
0.98721 0.157236 0.0263342 148.126 -0.158045 0.986909 0.0321364 -68.1329 -0.0209364 -0.0358873 0.999137 1.88834
0.987766 0.153017 0.0300617 148.925 -0.154031 0.987449 0.034926 -68.2449 -0.0243401 -0.0391291 0.998938 1.88971
0.988558 0.148638 0.0256769 149.729 -0.149507 0.9881 0.0361254 -68.3604 -0.0200018 -0.0395509 0.999017 1.87588
0.989713 0.142134 0.0162964 150.534 -0.142622 0.989185 0.0342278 -68.4558 -0.0112552 -0.0362 0.999281 1.8856
0.990721 0.135548 0.00989413 151.318 -0.135804 0.990187 0.0329766 -68.5692 -0.00532713 -0.0340143 0.999407 1.87716
0.991597 0.128958 0.0102451 152.135 -0.12924 0.991003 0.0347783 -68.6732 -0.00566799 -0.0358101 0.999343 1.87239
0.992554 0.121035 0.0137066 152.954 -0.121497 0.991769 0.0404025 -68.7579 -0.00870366 -0.0417669 0.999089 1.87047
0.993497 0.113164 0.0125693 153.779 -0.113618 0.992516 0.0447582 -68.8353 -0.00741022 -0.0458952 0.998919 1.86951
0.994598 0.103516 0.0077535 154.596 -0.103767 0.993497 0.046869 -68.9088 -0.00285138 -0.0474203 0.998871 1.87182
0.995464 0.0950173 0.00477928 155.418 -0.0951368 0.994383 0.0463923 -68.9886 -0.000344366 -0.0466365 0.998912 1.87164
0.996198 0.0868762 0.00647514 156.243 -0.0870842 0.995112 0.0465662 -69.053 -0.00239799 -0.0469531 0.998894 1.87437
0.996811 0.0787582 0.0128418 157.076 -0.0792937 0.995667 0.0485757 -69.1056 -0.00896044 -0.0494391 0.998737 1.87092
0.99735 0.0703135 0.0186824 157.922 -0.0711894 0.996143 0.0513009 -69.1518 -0.0150032 -0.0524949 0.998508 1.87015
0.997824 0.0622892 0.0216372 158.751 -0.0633311 0.99667 0.0513656 -69.1973 -0.0183657 -0.0526242 0.998446 1.86342
0.998161 0.0559137 0.0234328 159.576 -0.0570484 0.997071 0.0509349 -69.2403 -0.0205162 -0.052178 0.998427 1.8584
0.998433 0.0514058 0.0221033 160.391 -0.0524677 0.997345 0.0504967 -69.2819 -0.0194488 -0.0515773 0.99848 1.85597
0.998737 0.0471183 0.0174462 161.223 -0.0480028 0.997369 0.0543274 -69.3049 -0.0148405 -0.0550962 0.998371 1.86488
0.998999 0.0432637 0.0113846 162.037 -0.0438661 0.997268 0.0594372 -69.3256 -0.00878206 -0.0598771 0.998167 1.86051
0.999153 0.0402523 0.00849531 162.859 -0.040702 0.997252 0.0619056 -69.3505 -0.00598012 -0.062199 0.998046 1.84794
0.999214 0.0371303 0.0138589 163.695 -0.0379479 0.997208 0.0643206 -69.373 -0.011432 -0.064796 0.997833 1.84801
0.999153 0.0343982 0.0225924 164.531 -0.035837 0.997129 0.0667111 -69.3931 -0.0202328 -0.0674642 0.997517 1.83053
0.999062 0.0307405 0.0304949 165.379 -0.0327483 0.997169 0.0676858 -69.4118 -0.0283279 -0.068621 0.997241 1.82482
0.999289 0.0260967 0.0272245 166.182 -0.0277168 0.997757 0.0609362 -69.4399 -0.0255732 -0.0616474 0.99777 1.8028
0.999616 0.0213569 0.0176618 167.008 -0.0222215 0.998487 0.0502994 -69.4688 -0.0165608 -0.0506725 0.998578 1.80449
0.999811 0.0147524 0.0126417 167.823 -0.0153362 0.998758 0.0474047 -69.482 -0.0119267 -0.0475897 0.998796 1.80321
0.999878 0.00769548 0.0135737 168.651 -0.00843481 0.998435 0.055279 -69.4773 -0.013127 -0.0553868 0.998379 1.79417
0.999835 -0.00037576 0.0181534 169.49 -0.000618249 0.998502 0.0547195 -69.4705 -0.0181468 -0.0547217 0.998337 1.77434
0.999729 -0.00739654 0.0220811 170.33 0.00631411 0.998794 0.0486943 -69.4685 -0.0224146 -0.0485417 0.99857 1.77718
0.999585 -0.0135792 0.0253865 171.165 0.0125416 0.999097 0.0405926 -69.4658 -0.0259148 -0.0402574 0.998853 1.75035
0.999478 -0.0193932 0.0258543 171.997 0.0184895 0.999225 0.0347477 -69.4576 -0.0265082 -0.0342515 0.999062 1.75064
0.999472 -0.0255874 0.0200217 172.835 0.0250224 0.999295 0.0279813 -69.4429 -0.0207236 -0.0274655 0.999408 1.75609
0.999405 -0.0328152 0.010636 173.652 0.0326049 0.99928 0.0193832 -69.4174 -0.0112645 -0.0190249 0.999756 1.7468
0.999209 -0.0391722 0.00681586 174.499 0.0390668 0.999124 0.0149739 -69.4129 -0.00739645 -0.0146957 0.999865 1.73425
0.998866 -0.0458345 0.0128978 175.346 0.0455398 0.998714 0.0222804 -69.3635 -0.0139024 -0.0216677 0.999669 1.73194
0.998403 -0.0509551 0.0244066 176.197 0.05018 0.998247 0.0313809 -69.299 -0.0259628 -0.0301061 0.999209 1.71055
0.997925 -0.0558674 0.0319953 177.051 0.0547413 0.997885 0.0350524 -69.2376 -0.0338859 -0.0332282 0.998873 1.70136
0.997774 -0.0592567 0.0305814 177.892 0.0583078 0.997816 0.0310407 -69.1837 -0.032354 -0.0291885 0.99905 1.68832
0.997885 -0.0613996 0.0213426 178.738 0.0607092 0.997655 0.0316194 -69.1327 -0.023234 -0.0302568 0.999272 1.69821
0.997885 -0.0640065 0.0113609 179.564 0.063515 0.997205 0.0393475 -69.0504 -0.0138476 -0.0385427 0.999161 1.68781
0.997792 -0.0660447 0.00703488 180.41 0.0657105 0.997027 0.0402316 -68.9852 -0.00967105 -0.0396805 0.999166 1.66413
0.997617 -0.068062 0.0113263 181.269 0.0675982 0.997017 0.0372468 -68.9338 -0.0138276 -0.0363924 0.999242 1.65084
0.997482 -0.0682714 0.0191907 182.118 0.0675415 0.997052 0.0364064 -68.8789 -0.0216197 -0.0350186 0.999153 1.63448
0.997321 -0.0687899 0.0248803 182.981 0.0678207 0.996977 0.0378997 -68.8157 -0.0274123 -0.0361108 0.998972 1.62167
0.997211 -0.0703195 0.0249962 183.831 0.0694334 0.996983 0.0347092 -68.7481 -0.0273615 -0.0328769 0.999085 1.61551
0.997253 -0.0719797 0.0174836 184.672 0.0714821 0.99706 0.0275878 -68.6856 -0.019418 -0.0262622 0.999466 1.61477
0.997236 -0.0739652 0.00703795 185.516 0.0738185 0.997087 0.0192163 -68.6423 -0.00843878 -0.0186437 0.999791 1.61036
0.997128 -0.075671 0.00297332 186.372 0.0756298 0.997062 0.0121201 -68.5858 -0.00388173 -0.0118604 0.999922 1.60589
0.997012 -0.0769319 0.00689719 187.229 0.0767675 0.996816 0.0215745 -68.5038 -0.00853499 -0.0209805 0.999743 1.60816
0.996815 -0.078205 0.0156358 188.097 0.07777 0.996613 0.0267257 -68.4336 -0.0176729 -0.0254245 0.999521 1.5885
0.99662 -0.0797187 0.019828 188.951 0.0792115 0.99654 0.0251686 -68.3613 -0.0217658 -0.0235129 0.999487 1.59365
0.99661 -0.0804522 0.017199 189.786 0.0800686 0.996548 0.0219372 -68.2871 -0.0189046 -0.0204857 0.999611 1.59686
0.996719 -0.0800957 0.0116923 190.617 0.079828 0.99657 0.0218029 -68.2162 -0.0133985 -0.020798 0.999694 1.60447
0.996693 -0.080634 0.0100718 191.455 0.0802746 0.996257 0.0320694 -68.1301 -0.01262 -0.0311548 0.999435 1.58896
0.996638 -0.08096 0.0125402 192.289 0.0804673 0.996115 0.0357754 -68.0537 -0.0153878 -0.0346461 0.999281 1.58412
0.996532 -0.0817724 0.0153814 193.124 0.0810867 0.995868 0.0408912 -67.9734 -0.0186616 -0.0395022 0.999045 1.57747
0.996487 -0.0819133 0.0174426 193.951 0.0810464 0.995664 0.0456585 -67.9025 -0.021107 -0.0440845 0.998805 1.56767
0.996433 -0.082554 0.0174685 194.78 0.0817094 0.995661 0.0445292 -67.8172 -0.0210688 -0.042943 0.998855 1.55979
0.996447 -0.0830279 0.014163 195.607 0.0823436 0.995654 0.0434959 -67.7498 -0.0177128 -0.0421751 0.998953 1.56145
0.996424 -0.0839934 0.00923474 196.427 0.0834987 0.995495 0.0449237 -67.6727 -0.0129664 -0.0439919 0.998948 1.56272
0.996302 -0.0853814 0.00963725 197.235 0.0848304 0.995254 0.0476793 -67.5967 -0.0136624 -0.0466854 0.998816 1.5664
0.996016 -0.0873613 0.0179048 198.047 0.0863914 0.995045 0.0492182 -67.5183 -0.0221159 -0.0474753 0.998628 1.54604
0.995656 -0.0890993 0.0270192 198.836 0.0877719 0.995037 0.0468725 -67.4513 -0.0310614 -0.0442974 0.998535 1.5394
