0.999993 -0.00335252 -0.00145896 0.683856 0.00334875 0.999991 -0.00257563 -0.00131603 0.00146758 0.00257073 0.999996 0.0106979
0.99997 -0.00721732 -0.00295369 1.38556 0.00721318 0.999973 -0.00140957 0.0106507 0.00296378 0.00138823 0.999995 0.0158587
0.999926 -0.0113306 -0.00435303 2.10641 0.0113258 0.999935 -0.00110665 0.0181288 0.00436528 0.00105727 0.99999 0.0194029
0.999859 -0.0160148 -0.00499939 2.84856 0.0160175 0.999872 0.00051048 0.0418937 0.00499057 -0.000590486 0.999987 0.0221195
0.999778 -0.0204481 -0.0050562 3.59264 0.0204458 0.999791 -0.000503594 0.0591613 0.00506544 0.000400104 0.999987 0.0293756
0.999666 -0.0251415 -0.00592745 4.34735 0.0251455 0.999684 0.000605937 0.0883533 0.00591034 -0.000754784 0.999982 0.0413982
0.999533 -0.0298437 -0.00655682 5.12855 0.0298689 0.999547 0.00378329 0.121439 0.00644094 -0.00397737 0.999971 0.0537197
0.999394 -0.0343534 -0.00566709 5.92538 0.0343865 0.999391 0.00585667 0.154046 0.00546244 -0.006048 0.999967 0.0564356
0.999248 -0.0386626 -0.00306322 6.7303 0.0386802 0.999234 0.00590207 0.193184 0.00283269 -0.00601611 0.999978 0.0667447
0.9991 -0.0424196 -0.000776048 7.54319 0.0424227 0.99909 0.00442369 0.226774 0.000587691 -0.00445263 0.99999 0.075687
0.998987 -0.0450006 -0.000732523 8.35686 0.0450035 0.998976 0.00464298 0.2717 0.000522836 -0.00467124 0.999989 0.0840848
0.998887 -0.0471441 -0.00136617 9.17995 0.0471498 0.998878 0.00443079 0.315196 0.00115575 -0.00449027 0.999989 0.0839803
0.998799 -0.0489758 -0.0014623 10.0103 0.0489793 0.998797 0.00240625 0.352591 0.0013427 -0.00247498 0.999996 0.0968619
0.998695 -0.0510595 -0.000779519 10.8538 0.0510613 0.998692 0.00251535 0.400443 0.000650068 -0.00255187 0.999997 0.0992047
0.998631 -0.0523027 -0.000741221 11.716 0.0523027 0.998631 -4.82578e-05 0.442326 0.00074273 9.42385e-06 1 0.107207
0.998533 -0.0540878 -0.00256771 12.5792 0.0540894 0.998536 0.000543534 0.499358 0.00253455 -0.000681622 0.999997 0.112757
0.998447 -0.0554596 -0.00527185 13.4526 0.0554693 0.998459 0.00171075 0.556855 0.00516884 -0.00200052 0.999985 0.122485
0.998338 -0.0572293 -0.00680432 14.3311 0.0572695 0.998341 0.00588108 0.617427 0.00645647 -0.00626098 0.99996 0.132532
0.998275 -0.0583116 -0.00683392 15.2107 0.0583639 0.998266 0.00772248 0.671765 0.00637176 -0.00810801 0.999947 0.136819
0.9982 -0.0597428 -0.00530543 16.1288 0.0597822 0.998182 0.00760229 0.727049 0.00484161 -0.00790578 0.999957 0.144811
0.998123 -0.0611042 -0.00406629 17.0226 0.0611342 0.9981 0.00772245 0.786466 0.00358669 -0.00795654 0.999962 0.157846
0.998061 -0.0621465 -0.00352153 17.9314 0.0621713 0.998038 0.00746217 0.847426 0.00305087 -0.00766664 0.999966 0.17249
0.99796 -0.0637003 -0.00429811 18.8426 0.0637272 0.997946 0.00645642 0.916654 0.00387801 -0.00671715 0.99997 0.177665
0.997891 -0.064747 -0.00470808 19.7581 0.0647744 0.997882 0.00590763 0.9759 0.00431561 -0.00620014 0.999971 0.18802
0.997852 -0.065436 -0.00319804 20.6798 0.065457 0.997831 0.00699313 1.03371 0.0027335 -0.00718744 0.99997 0.199556
0.997843 -0.0656526 7.60966e-05 21.61 0.0656494 0.997803 0.00886179 1.10359 -0.000657729 -0.00883767 0.999961 0.20683
0.997883 -0.0649293 0.00369248 22.5481 0.0648926 0.997849 0.00933308 1.16813 -0.00429053 -0.00907371 0.99995 0.208343
0.997965 -0.0634044 0.00675478 23.4805 0.0633431 0.997952 0.00892192 1.23045 -0.00730664 -0.0084759 0.999937 0.20835
0.998057 -0.0618189 0.00782079 24.4312 0.0617767 0.998075 0.00552512 1.29457 -0.00814729 -0.00503124 0.999954 0.207021
0.998173 -0.0601616 0.00560085 25.3726 0.0601397 0.998182 0.00400981 1.35674 -0.0058319 -0.00366565 0.999976 0.206479
0.998252 -0.0590846 0.0014434 26.334 0.0590789 0.998246 0.00375409 1.42623 -0.00166268 -0.00366225 0.999992 0.212026
0.998327 -0.0577897 -0.00169732 27.2875 0.0577976 0.998315 0.00509622 1.48417 0.00139995 -0.0051858 0.999986 0.216614
0.998371 -0.0570464 -0.00122873 28.2636 0.0570536 0.998347 0.00697199 1.54076 0.000828975 -0.00703073 0.999975 0.231166
0.99838 -0.0568037 0.00314762 29.2369 0.05678 0.998361 0.00715216 1.60122 -0.00354873 -0.00696185 0.999969 0.233866
0.998307 -0.0577204 0.00711007 30.2212 0.0577055 0.998331 0.00229002 1.657 -0.00723038 -0.00187586 0.999972 0.233484
0.99825 -0.0586537 0.00759372 31.1972 0.0587178 0.998238 -0.00851155 1.70263 -0.00708111 0.00894254 0.999935 0.234491
0.998177 -0.0601702 0.0046657 32.1773 0.0602205 0.998119 -0.011519 1.75856 -0.00396382 0.011779 0.999923 0.239468
0.99809 -0.0617608 0.00122426 33.1592 0.0617705 0.998031 -0.0108749 1.82347 -0.000550206 0.0109298 0.99994 0.251185
0.997979 -0.0635508 -0.000157663 34.1489 0.0635479 0.997951 -0.00743856 1.89143 0.000630066 0.00741351 0.999972 0.249945
0.997925 -0.0643859 0.000779547 35.1501 0.0643895 0.997905 -0.00623677 1.95684 -0.000376354 0.00627402 0.99998 0.264477
0.997834 -0.0657032 0.00329718 36.1555 0.0657162 0.99783 -0.00403052 2.03109 -0.0030252 0.00423847 0.999986 0.268379
0.997759 -0.066733 0.00482348 37.1473 0.0667406 0.997769 -0.00143476 2.10962 -0.00471697 0.00175346 0.999987 0.277583
0.997683 -0.0676631 0.0071106 38.1485 0.0676755 0.997706 -0.00152566 2.18658 -0.00699106 0.00200334 0.999974 0.274639
0.997649 -0.0677726 0.0101625 39.1586 0.0677833 0.9977 -0.000709446 2.24775 -0.010091 0.00139662 0.999948 0.285079
0.997574 -0.0684671 0.0126101 40.1613 0.0684466 0.997653 0.00205129 2.33485 -0.012721 -0.0011832 0.999918 0.280069
0.997582 -0.0683815 0.012423 41.1545 0.0683532 0.997658 0.00268623 2.4048 -0.0125776 -0.00183058 0.999919 0.275046
0.997592 -0.0683878 0.0115136 42.1444 0.0683877 0.997659 0.000405039 2.4745 -0.0115143 0.000383323 0.999934 0.272475
0.997626 -0.0682498 0.00915836 43.1379 0.0682204 0.997664 0.00348328 2.55244 -0.0093747 -0.00285022 0.999952 0.276812
0.997561 -0.0692686 0.00864315 44.1342 0.0692208 0.997585 0.00570733 2.62794 -0.00901762 -0.00509512 0.999946 0.27834
0.997458 -0.0705554 0.00997626 45.1313 0.0705384 0.997507 0.00204513 2.69489 -0.0100957 -0.00133622 0.999948 0.273004
0.997391 -0.071364 0.0108971 46.1213 0.0713367 0.997448 0.0028727 2.76842 -0.0110743 -0.00208784 0.999937 0.271136
0.997393 -0.0715911 0.00901601 47.1085 0.0715727 0.997433 0.00234328 2.84284 -0.00916062 -0.00169187 0.999957 0.284217
0.997371 -0.0723332 0.00424763 48.0773 0.0723132 0.997371 0.00468432 2.92278 -0.00457529 -0.00436485 0.99998 0.279501
0.997344 -0.0727841 0.00265272 49.0525 0.0727668 0.99733 0.00610191 3.00267 -0.00308976 -0.00589267 0.999978 0.287901
0.99731 -0.0731257 0.00505338 50.0281 0.0730919 0.997303 0.00658944 3.07329 -0.00552162 -0.00620235 0.999966 0.282212
0.99728 -0.0731563 0.00895139 51.0012 0.0731309 0.997317 0.00313799 3.14551 -0.00915694 -0.00247483 0.999955 0.294093
0.997254 -0.073401 0.00978771 51.9626 0.073375 0.9973 0.00299067 3.21882 -0.0099808 -0.00226429 0.999948 0.294399
0.997246 -0.0735516 0.00950569 52.9281 0.0735627 0.99729 -0.000827251 3.28793 -0.00941909 0.00152424 0.999954 0.299761
0.99722 -0.0740206 0.00855626 53.895 0.0740521 0.997248 -0.00342239 3.35545 -0.00827939 0.00404649 0.999958 0.310195
0.997145 -0.074927 0.00939289 54.8454 0.0749712 0.997176 -0.00444134 3.4303 -0.00903359 0.00513286 0.999946 0.307608
0.997043 -0.0757418 0.0129488 55.7974 0.0758226 0.997104 -0.00586788 3.50155 -0.0124669 0.00683235 0.999899 0.30129
0.996892 -0.0765698 0.0185161 56.7681 0.0767248 0.997022 -0.00780813 3.5667 -0.0178631 0.00920451 0.999798 0.310743
0.996789 -0.0772491 0.0210683 57.7191 0.0774249 0.996969 -0.00765862 3.64728 -0.0204128 0.00926524 0.999749 0.300189
0.996749 -0.0783999 0.0185553 58.6581 0.0785633 0.996875 -0.00824776 3.72845 -0.0178507 0.00967871 0.999794 0.298085
0.996729 -0.0799375 0.0118879 59.5913 0.0800252 0.996768 -0.00709205 3.81144 -0.0112825 0.00802018 0.999904 0.298552
0.996713 -0.0807744 0.00624521 60.5093 0.0808045 0.996719 -0.00473892 3.8869 -0.00584193 0.00522799 0.999969 0.30476
0.99664 -0.0817224 0.00556467 61.4246 0.0817161 0.996655 0.00135156 3.97824 -0.0056565 -0.000892294 0.999984 0.296141
0.996565 -0.0824644 0.00756265 62.324 0.0824309 0.996586 0.00463749 4.06113 -0.00791926 -0.00399817 0.999961 0.30151
0.996462 -0.0835607 0.00901261 63.2086 0.0835162 0.996493 0.00520917 4.14317 -0.00941628 -0.00443804 0.999946 0.30796
0.996363 -0.0847309 0.00898332 64.0862 0.0846819 0.996392 0.0056992 4.22399 -0.00943381 -0.00491775 0.999943 0.313119
0.996229 -0.0862386 0.00951334 64.9369 0.0861746 0.996256 0.00694284 4.30223 -0.0100765 -0.00609685 0.999931 0.313483
0.996109 -0.0875458 0.010087 65.7817 0.0874709 0.996138 0.00763443 4.38281 -0.0107164 -0.00672241 0.99992 0.318961
0.99598 -0.0889567 0.0104741 66.6071 0.0888757 0.996011 0.00795891 4.4614 -0.0111403 -0.00699603 0.999913 0.324231
0.995854 -0.0902295 0.0115334 67.4204 0.0901303 0.995891 0.00885541 4.53855 -0.012285 -0.0077792 0.999894 0.328941
0.995704 -0.0915736 0.0137115 68.2268 0.0914098 0.995739 0.0121325 4.61828 -0.0147641 -0.010827 0.999832 0.332089
0.99553 -0.0928687 0.0172059 69.025 0.0926244 0.995596 0.0144897 4.69729 -0.0184757 -0.0128312 0.999747 0.324013
0.995336 -0.0944933 0.019446 69.8023 0.0942195 0.995445 0.0145465 4.77911 -0.0207319 -0.0126464 0.999705 0.320217
0.995245 -0.0959352 0.0168196 70.5542 0.0957022 0.995309 0.0141472 4.85828 -0.018098 -0.0124703 0.999758 0.333176
0.995231 -0.0970671 0.00965941 71.2768 0.0969244 0.995189 0.0142861 4.93613 -0.0109997 -0.0132818 0.999851 0.332321
0.99514 -0.0983973 0.00375692 71.9901 0.0983359 0.995055 0.0140098 5.01056 -0.00511686 -0.0135723 0.999895 0.33697
0.995104 -0.0988178 0.00167375 72.6795 0.0987748 0.994962 0.017166 5.08276 -0.00336163 -0.0169166 0.999851 0.335028
0.995022 -0.0995619 0.00421586 73.3653 0.0994506 0.994814 0.021339 5.16107 -0.00631855 -0.0208136 0.999763 0.33957
0.994881 -0.100837 0.00662029 74.0227 0.100694 0.994732 0.0191894 5.23745 -0.00852041 -0.0184245 0.999794 0.343073
0.99482 -0.101555 0.00453209 74.6569 0.101469 0.994706 0.0162219 5.2971 -0.00615552 -0.015678 0.999858 0.35295
0.994834 -0.101512 0.000422062 75.2709 0.101504 0.994796 0.00883316 5.34898 -0.00131654 -0.00874469 0.999961 0.363791
0.994932 -0.100478 -0.00370186 75.8706 0.100494 0.994927 0.00466601 5.41044 0.00321425 -0.00501438 0.999982 0.375404
0.995211 -0.0976463 -0.00455649 76.4614 0.0976775 0.995192 0.00720463 5.47596 0.00383108 -0.0076152 0.999964 0.383534
0.995613 -0.0935348 -0.00239999 77.0255 0.0935573 0.995538 0.0122577 5.54404 0.00124276 -0.0124284 0.999922 0.382687
0.996036 -0.0889488 0.000634148 77.5825 0.0889362 0.995974 0.0112284 5.58999 -0.00163035 -0.0111275 0.999937 0.38581
0.99651 -0.0833237 0.00501387 78.1245 0.0832785 0.996489 0.00863878 5.63245 -0.00571608 -0.00819108 0.99995 0.391125
0.997102 -0.0755391 0.00901646 78.6473 0.0755039 0.997137 0.00417626 5.66264 -0.00930611 -0.00348338 0.999951 0.404025
0.997824 -0.0652264 0.00963916 79.1618 0.0651648 0.997853 0.00657707 5.6984 -0.0100475 -0.00593463 0.999932 0.421336
0.998672 -0.0506559 0.00939235 79.6636 0.0505517 0.998661 0.0110173 5.72854 -0.00993786 -0.0105279 0.999895 0.42411
0.999413 -0.0328063 0.00982549 80.1445 0.0326457 0.999338 0.0160786 5.7471 -0.0103465 -0.0157484 0.999822 0.418919
0.999879 -0.0112714 0.0107196 80.6172 0.011109 0.999825 0.0150849 5.73836 -0.0108877 -0.014964 0.999829 0.413109
0.999817 0.0147026 0.0122637 81.0707 -0.014854 0.999813 0.0123486 5.7193 -0.0120798 -0.0125285 0.999849 0.417187
0.998929 0.0439823 0.0143971 81.5137 -0.0441466 0.998961 0.0112986 5.68534 -0.0138852 -0.0119221 0.999833 0.426573
0.996924 0.0766028 0.0165476 81.954 -0.0767886 0.996988 0.0108983 5.64006 -0.0156629 -0.0121355 0.999804 0.429941
0.993359 0.113706 0.0175773 82.3758 -0.113904 0.993434 0.0107288 5.58317 -0.016242 -0.0126597 0.999788 0.431673
0.987746 0.154962 0.0185807 82.7901 -0.155179 0.987827 0.0108656 5.51383 -0.0166707 -0.0136158 0.999768 0.42953
0.97965 0.199799 0.019125 83.1932 -0.200027 0.97973 0.0108485 5.4191 -0.0165699 -0.0144533 0.999758 0.428706
0.968398 0.248726 0.0184751 83.5761 -0.248973 0.968429 0.0125398 5.31886 -0.0147729 -0.0167433 0.999751 0.429169
0.953514 0.300864 0.0171074 83.9518 -0.301097 0.953502 0.0132136 5.19254 -0.0123364 -0.0177503 0.999766 0.430018
0.934388 0.355888 0.0162035 84.3147 -0.356104 0.934351 0.0133121 5.03554 -0.0104022 -0.0182088 0.99978 0.430051
0.910864 0.412411 0.0156071 84.6559 -0.412616 0.910805 0.0134985 4.86244 -0.00864809 -0.018735 0.999787 0.431145
0.882765 0.469586 0.0146553 84.984 -0.469771 0.882678 0.0139751 4.66659 -0.00637344 -0.0192213 0.999795 0.41774
0.850396 0.525983 0.0129872 85.2973 -0.526125 0.850313 0.0126461 4.43977 -0.00439153 -0.017587 0.999836 0.425094
0.814562 0.579933 0.012857 85.5914 -0.580065 0.814481 0.0120303 4.19181 -0.00349503 -0.0172574 0.999845 0.431634
0.775663 0.630988 0.0141874 85.8756 -0.631133 0.775602 0.0106615 3.93445 -0.00427645 -0.0172239 0.999843 0.44591
0.733957 0.678987 0.0168468 86.1419 -0.67917 0.733919 0.00951722 3.66221 -0.00590208 -0.018427 0.999813 0.44621
0.6897 0.723894 0.0170892 86.3938 -0.724073 0.689673 0.00838977 3.37193 -0.00571263 -0.0181602 0.999819 0.439889
0.64405 0.764846 0.0144832 86.6183 -0.764972 0.644027 0.00679734 3.05738 -0.00412865 -0.0154571 0.999872 0.434334
0.597896 0.801498 0.011028 86.8276 -0.801566 0.597894 0.00382807 2.72862 -0.00352537 -0.0111284 0.999932 0.447593
0.551756 0.833914 0.0123464 87.0225 -0.834 0.551746 0.00452487 2.40379 -0.00303871 -0.0127935 0.999914 0.468615
0.505168 0.86289 0.0150056 87.2027 -0.863019 0.505126 0.00677016 2.06923 -0.00173781 -0.0163702 0.999865 0.473498
0.459867 0.887855 0.0153391 87.3723 -0.887988 0.45979 0.00843369 1.7267 0.000435143 -0.0174993 0.999847 0.468725
0.417558 0.908603 0.00926108 87.5246 -0.908646 0.417504 0.00722501 1.36979 0.00269812 -0.0114319 0.999931 0.4363
0.377317 0.926083 -0.00158138 87.6363 -0.926084 0.377318 0.000298469 0.997226 0.000873091 0.00135187 0.999999 0.442757
0.341245 0.939958 -0.00550094 87.7542 -0.93997 0.341219 -0.00509427 0.635859 -0.00291138 0.00690911 0.999972 0.469177
0.307614 0.951504 -0.00367905 87.8661 -0.95151 0.307604 -0.00295696 0.275903 -0.00168187 0.00441025 0.999989 0.503317
0.276397 0.961031 0.00484098 87.9905 -0.961041 0.27638 0.00384383 -0.0982427 0.00235609 -0.0057148 0.999981 0.515393
0.24766 0.968802 0.00930442 88.0992 -0.968826 0.247579 0.00902544 -0.475969 0.00644028 -0.0112496 0.999916 0.50523
0.221783 0.975062 0.00811938 88.1805 -0.975056 0.221691 0.0109181 -0.872762 0.00884582 -0.0103383 0.999907 0.499817
0.197983 0.980205 0.00115108 88.2533 -0.98014 0.197956 0.0118264 -1.28293 0.0113644 -0.00346964 0.999929 0.494009
0.177038 0.984177 -0.00727601 88.3103 -0.984045 0.177138 0.0166524 -1.6859 0.0176777 0.00421181 0.999835 0.506192
0.157281 0.987507 -0.00959116 88.3702 -0.987249 0.157467 0.023325 -2.1132 0.0245439 0.00580027 0.999682 0.508886
0.139494 0.990207 -0.00556081 88.4369 -0.989894 0.13959 0.024981 -2.55572 0.0255126 0.00201992 0.999672 0.521784
0.124132 0.992264 -0.00195045 88.5016 -0.992042 0.124145 0.0210111 -3.01901 0.0210907 -0.000673219 0.999777 0.527666
0.109653 0.993968 -0.00191562 88.5453 -0.99381 0.109669 0.017711 -3.48496 0.0178143 -3.82988e-05 0.999841 0.539679
0.096643 0.995315 -0.00295366 88.5869 -0.995196 0.0966772 0.0154123 -3.96507 0.0156256 0.00144998 0.999877 0.54912
0.0850736 0.996349 -0.00712543 88.6159 -0.996263 0.0851688 0.0143422 -4.46138 0.0148967 0.00587866 0.999872 0.56009
0.0749268 0.997136 -0.0102759 88.6459 -0.997073 0.0750716 0.0145123 -4.97843 0.0152422 0.00915847 0.999842 0.571924
0.0671326 0.997667 -0.0124094 88.679 -0.99762 0.0673155 0.0149542 -5.5108 0.0157547 0.011376 0.999811 0.583191
0.0614343 0.998014 -0.0139521 88.7103 -0.997982 0.0616455 0.0152497 -6.05536 0.0160795 0.0129871 0.999786 0.591493
0.0557564 0.998337 -0.0146472 88.737 -0.998303 0.0559899 0.0160377 -6.61459 0.0168311 0.0137282 0.999764 0.604289
0.0495934 0.998652 -0.0153158 88.7602 -0.998619 0.0498458 0.0165679 -7.2024 0.017309 0.014473 0.999745 0.613315
0.0451666 0.99883 -0.0172881 88.7923 -0.998824 0.045458 0.0168501 -7.80372 0.0176163 0.0165067 0.999709 0.621987
0.0423844 0.998935 -0.0182271 88.8174 -0.998951 0.0426878 0.0165902 -8.42799 0.0173506 0.0175048 0.999696 0.634604
0.0394691 0.999039 -0.0190698 88.845 -0.999079 0.0397781 0.016103 -9.06777 0.0168461 0.0184167 0.999688 0.649587
0.037059 0.999113 -0.0199757 88.8607 -0.999176 0.0373772 0.0157978 -9.71647 0.0165304 0.0193738 0.999676 0.652811
0.0360621 0.999066 -0.0238148 88.8827 -0.999217 0.0364354 0.0154359 -10.4019 0.0162891 0.0232395 0.999597 0.670113
0.0370738 0.998945 -0.0270998 88.8958 -0.999188 0.0374844 0.0148044 -11.1004 0.0158047 0.0265289 0.999523 0.682727
0.0396846 0.998786 -0.0291769 88.922 -0.999089 0.0401211 0.0145312 -11.8045 0.0156842 0.0285737 0.999469 0.699619
0.0433903 0.998595 -0.0304204 88.9482 -0.998931 0.0438508 0.014638 -12.5286 0.0159514 0.0297528 0.99943 0.708549
0.0475536 0.99838 -0.031252 88.9844 -0.998746 0.0480141 0.0141533 -13.2707 0.0156309 0.0305398 0.999411 0.724308
0.0512689 0.99814 -0.0329993 89.017 -0.998579 0.051716 0.0128427 -14.0357 0.0145254 0.032294 0.999373 0.735195
0.0555349 0.997912 -0.0329846 89.0696 -0.998371 0.0559318 0.0112352 -14.8225 0.0130566 0.0323069 0.999393 0.752463
0.0596761 0.997746 -0.0306896 89.1297 -0.998153 0.0599942 0.00955024 -15.6191 0.0113699 0.030063 0.999483 0.764693
0.0636923 0.997566 -0.0283933 89.1751 -0.997918 0.0639532 0.00837435 -16.4098 0.0101698 0.0278008 0.999562 0.776732
0.0677298 0.997342 -0.0268515 89.232 -0.997647 0.0679891 0.00886523 -17.2169 0.0106673 0.0261879 0.9996 0.794167
0.0710256 0.997153 -0.0253083 89.2983 -0.997376 0.0713523 0.012249 -18.0174 0.0140199 0.0243719 0.999605 0.816552
0.0725005 0.997097 -0.0232642 89.3725 -0.997184 0.0729157 0.0175253 -18.8278 0.0191707 0.0219281 0.999576 0.831059
0.0724533 0.997195 -0.0187869 89.4482 -0.997131 0.0728371 0.0206197 -19.6375 0.0219302 0.017239 0.999611 0.850997
0.0729581 0.997218 -0.0153054 89.5235 -0.997102 0.0732638 0.0204666 -20.467 0.021531 0.0137678 0.999673 0.86925
0.073141 0.997247 -0.0122153 89.5889 -0.997125 0.0733641 0.0189376 -21.289 0.0197817 0.0107951 0.999746 0.896878
0.0729113 0.997246 -0.0135609 89.6548 -0.997171 0.0731412 0.0173144 -22.1067 0.0182586 0.0122601 0.999758 0.918398
0.0732608 0.997243 -0.0117875 89.7218 -0.997158 0.0734528 0.0167662 -22.9287 0.0175858 0.0105257 0.99979 0.942914
0.0736159 0.997237 -0.0099502 89.7888 -0.997134 0.0737755 0.0167526 -23.7484 0.0174404 0.00868842 0.99981 0.964201
0.0734391 0.997266 -0.00819773 89.8532 -0.997142 0.073571 0.0171522 -24.574 0.0177085 0.00691466 0.999819 0.989266
0.0724691 0.997363 -0.00384872 89.9269 -0.997197 0.0725279 0.0183785 -25.3843 0.0186092 0.00250605 0.999824 1.01475
0.0698032 0.99756 -0.00140791 89.9928 -0.997396 0.0698173 0.0180641 -26.1982 0.0181183 0.00014331 0.999836 1.04085
0.0663666 0.997793 0.00224146 90.0643 -0.997656 0.0663196 0.0168714 -27.0084 0.0166855 -0.0033559 0.999855 1.06126
0.0615548 0.998098 0.0032849 90.1253 -0.998004 0.0615018 0.0143511 -27.8223 0.0141218 -0.00416172 0.999892 1.08385
0.0557964 0.998422 0.00625967 90.1826 -0.998367 0.0557141 0.0126424 -28.6449 0.0122737 -0.00695484 0.9999 1.10423
0.0480266 0.998834 0.00498658 90.232 -0.998773 0.0479621 0.0123281 -29.4602 0.0120746 -0.00557254 0.999912 1.12653
0.0390107 0.999222 0.00578279 90.277 -0.999155 0.0389318 0.0131791 -30.2762 0.0129437 -0.00629203 0.999896 1.14656
0.0291523 0.999556 0.00611895 90.2998 -0.999493 0.0290707 0.0130305 -31.0877 0.0128469 -0.00649571 0.999896 1.16348
0.0189468 0.999809 0.00475708 90.3147 -0.999743 0.018886 0.0125058 -31.883 0.0124136 -0.0049928 0.99991 1.18334
0.00811189 0.999947 0.00632131 90.3254 -0.999904 0.00803995 0.0113238 -32.6801 0.0112723 -0.00641256 0.999916 1.2081
-0.00333297 0.999977 0.0058707 90.3251 -0.999941 -0.00339365 0.0103423 -33.4675 0.010362 -0.00583588 0.999929 1.22289
-0.0139641 0.999887 0.00557222 90.3163 -0.999843 -0.0140238 0.0108193 -34.2645 0.0108963 -0.00542026 0.999926 1.24754
-0.0248493 0.999683 0.00409533 90.304 -0.999629 -0.0248933 0.0110544 -35.0469 0.0111529 -0.00381912 0.999931 1.26817
-0.0356556 0.999354 0.00453793 90.2777 -0.999291 -0.0357076 0.0119377 -35.8237 0.012092 -0.00410907 0.999918 1.28618
-0.0456885 0.998949 0.00375727 90.2427 -0.998872 -0.0457332 0.0128109 -36.601 0.0129693 -0.00316772 0.999911 1.30629
-0.0556742 0.998442 0.00360768 90.2066 -0.998359 -0.0557172 0.0131934 -37.3576 0.0133739 -0.00286723 0.999906 1.32374
-0.0649455 0.997883 0.00352711 90.1631 -0.997796 -0.0649872 0.0133949 -38.1129 0.0135957 -0.0026494 0.999904 1.34412
-0.0743529 0.997227 0.00300133 90.1138 -0.997138 -0.0743868 0.0134997 -38.8659 0.0136856 -0.001989 0.999904 1.36593
-0.0830567 0.996544 0.00140625 90.0492 -0.996459 -0.083068 0.0130163 -39.6072 0.0130881 -0.000320178 0.999914 1.38731
-0.0903043 0.995912 0.00200146 89.9824 -0.995843 -0.0903217 0.0117997 -40.3512 0.0119322 -0.000927572 0.999928 1.40575
-0.0954345 0.995435 -0.00122185 89.9158 -0.995384 -0.095417 0.0102756 -41.074 0.0101121 0.00219686 0.999946 1.42262
-0.0993292 0.995052 -0.00209741 89.8429 -0.995022 -0.0993087 0.00829351 -41.7905 0.00804419 0.00291076 0.999963 1.44204
-0.102247 0.994749 -0.00455723 89.7714 -0.994735 -0.102212 0.00741396 -42.499 0.00690923 0.00529129 0.999962 1.45553
-0.10411 0.994542 -0.00687186 89.6972 -0.994549 -0.104065 0.00658336 -43.1884 0.00583231 0.00751979 0.999955 1.47207
-0.104722 0.994485 -0.00569492 89.6317 -0.994481 -0.104682 0.00699407 -43.8653 0.00635935 0.00639593 0.999959 1.48474
-0.103862 0.994569 -0.00678144 89.557 -0.994567 -0.103809 0.00784057 -44.5297 0.00709401 0.00755893 0.999946 1.50035
-0.100647 0.994892 -0.00781002 89.4909 -0.994887 -0.100574 0.00922717 -45.1737 0.00839454 0.00869877 0.999927 1.51462
-0.0957097 0.995372 -0.0085781 89.4312 -0.995369 -0.095625 0.00978605 -45.7927 0.00892048 0.009475 0.999915 1.52841
-0.0877675 0.996113 -0.00740851 89.3715 -0.996093 -0.0876881 0.0104432 -46.4124 0.00975293 0.00829614 0.999918 1.54394
-0.0768507 0.997028 -0.00547894 89.3377 -0.996992 -0.0767901 0.0105243 -47.0075 0.0100723 0.00627126 0.99993 1.55406
-0.062986 0.998003 -0.00480121 89.3038 -0.997957 -0.06293 0.0110392 -47.5783 0.0107151 0.00548672 0.999928 1.57527
-0.0457041 0.998946 -0.00430314 89.2834 -0.998881 -0.0456481 0.0123291 -48.1307 0.0121196 0.00486181 0.999915 1.59008
-0.0245903 0.999691 -0.00364857 89.2864 -0.999582 -0.0245317 0.0153003 -48.673 0.015206 0.00402328 0.999876 1.60465
-0.000196815 0.999998 -0.00197799 89.3031 -0.999834 -0.000160694 0.0182242 -49.2171 0.0182238 0.00198125 0.999832 1.62199
0.0277277 0.999615 -0.000835564 89.3356 -0.999413 0.0277389 0.0200805 -49.7544 0.0200959 0.000278288 0.999798 1.63914
0.0606002 0.998162 0.000399974 89.3907 -0.997956 0.0605796 0.0203402 -50.2917 0.0202785 -0.00163177 0.999793 1.65281
0.0982922 0.995158 0.000334877 89.4657 -0.99498 0.0982683 0.0189399 -50.8248 0.0188153 -0.00219485 0.999821 1.6564
0.139917 0.990163 0.000792264 89.5695 -0.990042 0.139888 0.0157385 -51.3464 0.0154728 -0.00298646 0.999876 1.66957
0.184748 0.98278 0.00332175 89.6999 -0.982719 0.184695 0.0122784 -51.8609 0.0114535 -0.00553276 0.999919 1.68191
0.232617 0.972542 0.00717238 89.8588 -0.972541 0.232549 0.00919461 -52.3626 0.00727422 -0.00911426 0.999932 1.69999
0.283539 0.958907 0.0101867 90.0402 -0.95895 0.283469 0.00774673 -52.8607 0.00454078 -0.011965 0.999918 1.71613
0.337405 0.9413 0.0105766 90.2503 -0.941353 0.337338 0.00764452 -53.3264 0.0036279 -0.0125356 0.999915 1.71639
0.394622 0.918814 0.00735199 90.4828 -0.918832 0.394564 0.00814372 -53.7734 0.00458174 -0.00996893 0.99994 1.73278
0.454053 0.890966 0.00381006 90.7344 -0.890939 0.453992 0.010891 -54.2102 0.00797377 -0.00833962 0.999933 1.74869
0.513149 0.858299 -0.00115708 91.0136 -0.858204 0.513111 0.0142399 -54.6051 0.0128158 -0.0063142 0.999898 1.7678
0.571371 0.82069 -0.00166169 91.3161 -0.820531 0.571298 0.0186245 -54.9886 0.0162343 -0.00927804 0.999825 1.78286
0.6269 0.779095 -0.00258853 91.6523 -0.77887 0.626793 0.0221707 -55.3394 0.0188956 -0.0118827 0.999751 1.7839
0.67967 0.7335 -0.00510573 91.9964 -0.733223 0.679577 0.0236215 -55.6612 0.0207961 -0.0123112 0.999708 1.78421
0.728686 0.684815 -0.00675406 92.3564 -0.684545 0.728621 0.0225898 -55.9695 0.020391 -0.0118374 0.999722 1.78771
0.773873 0.63333 -0.00378048 92.739 -0.633155 0.773776 0.0196153 -56.248 0.0153482 -0.0127861 0.9998 1.80337
0.815266 0.579087 -0.000320535 93.1389 -0.579016 0.815175 0.0151933 -56.495 0.00905951 -0.012201 0.999885 1.8037
0.851666 0.524061 0.00499911 93.556 -0.524079 0.851577 0.0125832 -56.7114 0.00233721 -0.0133366 0.999908 1.82151
0.882735 0.469771 0.00970387 93.9695 -0.469857 0.882681 0.0104044 -56.9063 -0.00367775 -0.0137437 0.999899 1.81824
0.90825 0.418131 0.0157488 94.4018 -0.4183 0.90826 0.00947228 -57.0691 -0.0103433 -0.0151909 0.999831 1.83607
0.928499 0.370825 0.019436 94.8346 -0.371069 0.928542 0.0108299 -57.2155 -0.0140311 -0.0172676 0.999752 1.84861
0.943674 0.330052 0.0233342 95.2742 -0.330444 0.943698 0.0155475 -57.3292 -0.0168889 -0.0223824 0.999607 1.84697
0.955406 0.294413 0.0228237 95.7242 -0.294868 0.955327 0.0200717 -57.4462 -0.0158947 -0.0259066 0.999538 1.84605
0.96449 0.263266 0.0212085 96.1836 -0.263719 0.964337 0.0225001 -57.546 -0.0145286 -0.0272942 0.999522 1.81431
0.970299 0.241104 0.0197398 96.6385 -0.241456 0.970246 0.0179597 -57.6576 -0.0148223 -0.0221926 0.999644 1.8127
0.974054 0.225497 0.0192162 97.1114 -0.2258 0.974052 0.0153735 -57.7559 -0.0152509 -0.0193137 0.999697 1.81484
0.976871 0.212901 0.0198958 97.609 -0.213272 0.976811 0.0188537 -57.8388 -0.0154205 -0.0226608 0.999624 1.82044
0.978859 0.20344 0.0211664 98.1104 -0.203921 0.978698 0.0238 -57.9227 -0.0158736 -0.0276131 0.999493 1.8095
0.980083 0.197465 0.0210754 98.6366 -0.198051 0.979707 0.0308052 -58.0042 -0.0145648 -0.0343657 0.999303 1.80548
0.980678 0.194751 0.0184985 99.1611 -0.195311 0.980081 0.035975 -58.0858 -0.0111238 -0.0388929 0.999181 1.79365
0.980802 0.194359 0.0158406 99.7009 -0.194836 0.980088 0.0382882 -58.181 -0.00808352 -0.0406395 0.999141 1.78776
0.980343 0.196936 0.0119986 100.242 -0.197242 0.979722 0.0352237 -58.2904 -0.00481846 -0.036898 0.999307 1.78555
0.979541 0.201181 0.00511734 100.798 -0.201239 0.978987 0.0329797 -58.4079 0.00162508 -0.0333348 0.999443 1.79149
0.978684 0.205365 0.00158067 101.374 -0.205289 0.978049 0.0357186 -58.533 0.00578936 -0.0352817 0.999361 1.79413
0.977696 0.209996 0.00357514 101.953 -0.209961 0.976832 0.0414273 -58.6349 0.00520724 -0.041254 0.999135 1.79999
0.976498 0.21537 0.00819978 102.56 -0.215519 0.975464 0.0449653 -58.7586 0.00168557 -0.0456757 0.998955 1.79342
0.975449 0.219897 0.0120032 103.171 -0.220213 0.97451 0.0428457 -58.8957 -0.00227558 -0.0444371 0.99901 1.7906
0.974498 0.223746 0.0170465 103.795 -0.224261 0.973726 0.0395533 -59.0465 -0.00774873 -0.0423675 0.999072 1.78942
0.973639 0.227084 0.0214569 104.431 -0.227757 0.973005 0.0372671 -59.1951 -0.0124149 -0.0411717 0.999075 1.78505
0.97296 0.230043 0.0206952 105.073 -0.230613 0.972532 0.031593 -59.3509 -0.012859 -0.0355113 0.999287 1.78054
0.972879 0.230705 0.0168055 105.717 -0.231099 0.972543 0.0274293 -59.5128 -0.010016 -0.0305691 0.999482 1.77143
0.973037 0.230442 0.00980354 106.386 -0.230621 0.972708 0.025553 -59.6633 -0.00364751 -0.0271249 0.999625 1.78088
0.973286 0.229566 0.00379756 107.044 -0.229575 0.972831 0.0299289 -59.8224 0.00317627 -0.0300012 0.999545 1.77778
0.973854 0.227173 0.0010555 107.73 -0.227081 0.973302 0.0334252 -59.9742 0.006566 -0.032791 0.999441 1.7929
0.974441 0.22458 0.00545361 108.422 -0.224627 0.973753 0.036709 -60.1312 0.00293362 -0.0369958 0.999311 1.77876
0.974726 0.223074 0.0121267 109.145 -0.223361 0.974164 0.0333694 -60.2951 -0.00436955 -0.0352347 0.99937 1.78319
0.975264 0.220339 0.0176075 109.876 -0.220812 0.974783 0.0322428 -60.4504 -0.0100591 -0.0353332 0.999325 1.78545
0.975666 0.218588 0.0171967 110.603 -0.219063 0.975122 0.0338996 -60.6062 -0.00935885 -0.0368418 0.999277 1.78427
0.976168 0.216555 0.0141526 111.343 -0.21695 0.97541 0.0388324 -60.7539 -0.00539524 -0.0409774 0.999146 1.7856
0.977012 0.213007 0.00871883 112.099 -0.213185 0.976213 0.0395053 -60.9148 -9.65404e-05 -0.0404559 0.999181 1.78501
0.97789 0.20904 0.00582834 112.858 -0.209105 0.977085 0.0397378 -61.0782 0.00261202 -0.0400779 0.999193 1.78502
0.978709 0.205146 0.00655315 113.643 -0.205245 0.977953 0.0384896 -61.2389 0.00148731 -0.0390151 0.999238 1.78217
0.979388 0.201828 0.0080091 114.448 -0.201985 0.978767 0.0348811 -61.4025 -0.000799057 -0.0357799 0.999359 1.79241
0.979813 0.199661 0.0101202 115.254 -0.199892 0.979247 0.0334483 -61.5697 -0.00323181 -0.034796 0.999389 1.79104
0.980091 0.198209 0.0115768 116.054 -0.198471 0.979659 0.0296216 -61.7376 -0.00547003 -0.0313295 0.999494 1.78978
0.980197 0.197643 0.0122949 116.86 -0.1979 0.979896 0.0253023 -61.9095 -0.00704685 -0.0272343 0.999604 1.7953
0.980284 0.197102 0.0139631 117.682 -0.197407 0.979987 0.0256163 -62.0698 -0.00863465 -0.0278677 0.999574 1.79368
0.980227 0.19742 0.0134253 118.498 -0.197737 0.979821 0.0291587 -62.2254 -0.0073979 -0.0312369 0.999485 1.80019
0.980092 0.198204 0.0115771 119.323 -0.198491 0.979497 0.0344556 -62.3754 -0.00451049 -0.0360677 0.999339 1.79692
0.979943 0.198915 0.0120408 120.161 -0.199256 0.978959 0.0440022 -62.5272 -0.00303482 -0.0455188 0.998959 1.80014
0.97937 0.201587 0.0140578 120.999 -0.202044 0.978085 0.0502697 -62.6847 -0.00361604 -0.0520729 0.998637 1.80378
0.978763 0.204368 0.0159945 121.845 -0.204937 0.977334 0.0530988 -62.851 -0.00478022 -0.055249 0.998461 1.79715
0.978196 0.207127 0.0152155 122.692 -0.207648 0.976781 0.0527323 -63.0214 -0.00393997 -0.054742 0.998493 1.80043
0.977812 0.209093 0.0128137 123.531 -0.209475 0.976522 0.0502474 -63.1897 -0.00200646 -0.0518166 0.998655 1.80324
0.977526 0.210491 0.0116863 124.379 -0.210804 0.976547 0.0438012 -63.3763 -0.00219246 -0.0452803 0.998972 1.80199
0.977466 0.210844 0.0102275 125.212 -0.211082 0.976744 0.0376233 -63.571 -0.00205705 -0.0389343 0.99924 1.81461
0.97731 0.211588 0.00983429 126.065 -0.211806 0.97666 0.0356737 -63.7578 -0.00205663 -0.0369472 0.999315 1.83951
0.976991 0.212873 0.0131437 126.911 -0.213227 0.976253 0.0382745 -63.9377 -0.00468393 -0.0401965 0.999181 1.84549
0.976674 0.213845 0.0194616 127.759 -0.21448 0.97589 0.0404731 -64.1161 -0.0103374 -0.0437032 0.998991 1.8431
0.976398 0.214663 0.0237955 128.613 -0.215525 0.97555 0.0430161 -64.2868 -0.0139798 -0.0471293 0.998791 1.83361
0.976203 0.216179 0.0171425 129.431 -0.216725 0.975318 0.0422422 -64.4628 -0.00758749 -0.0449522 0.99896 1.82143
0.97621 0.21682 0.00203286 130.246 -0.216732 0.975448 0.0390961 -64.6472 0.00649386 -0.0386066 0.999233 1.82262
0.976259 0.21652 -0.00616216 131.063 -0.216158 0.975671 0.0366426 -64.8315 0.0139461 -0.0344406 0.999309 1.85754
0.976456 0.215703 0.00250296 131.903 -0.215654 0.975827 0.0354177 -65.0156 0.00519724 -0.0351236 0.999369 1.87008
0.976576 0.214115 0.0213098 132.762 -0.214689 0.976228 0.0297957 -65.2037 -0.0144235 -0.0336728 0.999329 1.86644
0.976497 0.212673 0.0349716 133.59 -0.213537 0.976661 0.0231213 -65.3914 -0.0292382 -0.0300456 0.999121 1.86043
0.976856 0.211833 0.0296386 134.399 -0.212572 0.976839 0.0244635 -65.5616 -0.02377 -0.0301976 0.999261 1.84914
0.977384 0.210862 0.016025 135.21 -0.211286 0.976888 0.0323727 -65.7164 -0.00882846 -0.0350264 0.999347 1.85857
0.977722 0.209748 0.00814391 136.015 -0.209905 0.977072 0.0356293 -65.8907 -0.00048403 -0.036545 0.999332 1.84177
0.97809 0.208054 0.00734006 136.829 -0.208183 0.977497 0.0340656 -66.0588 -8.74167e-05 -0.0348473 0.999393 1.85143
0.978654 0.20532 0.00897709 137.652 -0.205505 0.978115 0.032524 -66.2298 -0.0021028 -0.0336746 0.999431 1.87237
0.979442 0.201582 0.00766732 138.468 -0.201725 0.978933 0.0315749 -66.3926 -0.00114087 -0.0324724 0.999472 1.88385
0.980338 0.197215 0.00663994 139.284 -0.197327 0.979796 0.0325838 -66.5477 -7.97845e-05 -0.0332533 0.999447 1.89163
0.981025 0.193758 0.00697574 140.091 -0.193883 0.980334 0.0367966 -66.7051 0.000291064 -0.0374509 0.999298 1.90485
0.981479 0.191422 0.00754625 140.893 -0.19157 0.980595 0.0416558 -66.8451 0.000574016 -0.0423299 0.999104 1.90928
0.981764 0.189847 0.00984734 141.698 -0.190097 0.980792 0.043696 -66.9909 -0.00136263 -0.0447711 0.998996 1.91615
0.981996 0.188409 0.0135981 142.506 -0.188826 0.981074 0.0428822 -67.1485 -0.00526131 -0.0446779 0.998988 1.91195
0.982256 0.187037 0.0138222 143.304 -0.187456 0.981411 0.0411514 -67.2989 -0.00586842 -0.0430123 0.999057 1.9228
0.982746 0.184675 0.0103038 144.113 -0.184938 0.981987 0.038727 -67.4445 -0.00296624 -0.0399644 0.999197 1.93029
0.983571 0.180414 0.00623134 144.917 -0.180521 0.982928 0.0355589 -67.5936 0.000290355 -0.0360996 0.999348 1.93463
0.984705 0.174166 0.00471836 145.721 -0.174226 0.984149 0.0330951 -67.7278 0.00112046 -0.0334109 0.999441 1.94629
0.985835 0.167466 0.00916431 146.508 -0.167683 0.985253 0.0340486 -67.8628 -0.00332719 -0.035103 0.999378 1.9406
0.986738 0.161487 0.016433 147.302 -0.161936 0.98631 0.0311453 -67.99 -0.0111785 -0.0333933 0.99938 1.93957
0.987246 0.157129 0.0255997 148.116 -0.157885 0.986976 0.0308225 -68.1245 -0.0204232 -0.0344713 0.999197 1.94415
0.987808 0.152911 0.029221 148.916 -0.153848 0.98754 0.0330959 -68.238 -0.0237962 -0.037188 0.999025 1.94266
0.988596 0.148502 0.0249973 149.721 -0.149308 0.988197 0.0342491 -68.3496 -0.0196162 -0.0375908 0.999101 1.93596
0.989749 0.141968 0.0155666 150.528 -0.14242 0.989245 0.0333257 -68.4479 -0.010668 -0.0352011 0.999323 1.9449
0.990762 0.135305 0.00912821 151.309 -0.135526 0.990288 0.031021 -68.5626 -0.00484226 -0.0319716 0.999477 1.93846
0.991612 0.128887 0.00965528 152.131 -0.12914 0.991067 0.0333058 -68.6698 -0.00527636 -0.0342733 0.999399 1.93329
0.992575 0.120931 0.013061 152.948 -0.121359 0.991825 0.0394387 -68.7546 -0.00818488 -0.040731 0.999137 1.93328
0.993524 0.112985 0.0120406 153.773 -0.113408 0.992591 0.04361 -68.8308 -0.00702414 -0.044693 0.998976 1.93483
0.99463 0.103234 0.00735854 154.592 -0.103463 0.99358 0.0457598 -68.8999 -0.00258735 -0.0462754 0.998925 1.93729
0.995498 0.094682 0.00434618 155.413 -0.0947817 0.994476 0.0451003 -68.9786 -5.19811e-05 -0.0453092 0.998973 1.93852
0.996229 0.0865404 0.00614391 156.242 -0.0867299 0.995213 0.0450485 -69.0427 -0.00221598 -0.0454115 0.998966 1.94283
0.996836 0.0785498 0.0121965 157.072 -0.0790449 0.995737 0.04754 -69.0979 -0.00841026 -0.0483537 0.998795 1.93328
0.997376 0.0701151 0.0180354 157.913 -0.0709374 0.996231 0.0499257 -69.1431 -0.0144669 -0.0510741 0.99859 1.93361
0.997847 0.0621731 0.0209006 158.741 -0.0631541 0.996745 0.0501156 -69.1886 -0.0177167 -0.0513277 0.998525 1.92832
0.998185 0.0557595 0.022741 159.567 -0.0568428 0.997123 0.0501507 -69.2328 -0.0198791 -0.0513524 0.998483 1.92198
0.998456 0.0512095 0.0215054 160.384 -0.0522252 0.997399 0.0496733 -69.2757 -0.0189057 -0.0507198 0.998534 1.9216
0.998757 0.046877 0.0169144 161.219 -0.0477158 0.997445 0.0531715 -69.2973 -0.0143787 -0.0539125 0.998442 1.92522
0.99902 0.0430281 0.0104089 162.035 -0.0435677 0.997317 0.0588234 -69.3182 -0.00784988 -0.0592192 0.998214 1.92146
0.999167 0.0400458 0.00787784 162.856 -0.0404527 0.997317 0.0610078 -69.342 -0.0054136 -0.0612757 0.998106 1.91322
0.999231 0.0369626 0.013075 163.695 -0.0377161 0.997297 0.0630505 -69.3638 -0.0107092 -0.0634952 0.997925 1.91059
0.999172 0.0340664 0.0222482 164.536 -0.0354558 0.997231 0.065371 -69.3876 -0.0199596 -0.0661057 0.997613 1.89386
0.999087 0.0304748 0.0299405 165.38 -0.0324176 0.997246 0.0667029 -69.4052 -0.0278253 -0.0676126 0.997324 1.88678
0.999314 0.0258516 0.0265051 166.184 -0.0274099 0.997809 0.0602216 -69.4386 -0.0248902 -0.0609068 0.997833 1.86569
0.999628 0.0211178 0.0172322 167.007 -0.0219491 0.99853 0.0495681 -69.4639 -0.0161601 -0.0499279 0.998622 1.86914
0.999821 0.0145578 0.0120811 167.815 -0.0151061 0.998799 0.046605 -69.4765 -0.0113881 -0.0467791 0.99884 1.86945
0.999886 0.00730493 0.0131951 168.649 -0.00801757 0.998466 0.0547884 -69.4724 -0.0127746 -0.054888 0.998411 1.86235
0.999839 -0.000810949 0.017915 169.484 -0.000133264 0.998613 0.0526413 -69.4645 -0.0179328 -0.0526352 0.998453 1.84159
0.999734 -0.00774253 0.0217359 170.33 0.00670886 0.998861 0.0472321 -69.4616 -0.0220769 -0.0470737 0.998647 1.83854
0.999587 -0.0140082 0.0250736 171.171 0.0130106 0.999134 0.0395194 -69.4583 -0.0256055 -0.0391769 0.998904 1.81108
0.999478 -0.0198307 0.0254958 172.005 0.0189649 0.99925 0.0337618 -69.4516 -0.0261462 -0.0332606 0.999105 1.81536
0.999465 -0.0260517 0.0197949 172.842 0.0255102 0.999306 0.0271327 -69.434 -0.020488 -0.0266132 0.999436 1.82471
0.999396 -0.0331206 0.0104965 173.657 0.0329225 0.999286 0.0185109 -69.4118 -0.0111021 -0.0181541 0.999774 1.81622
0.999192 -0.0396417 0.00666755 174.5 0.0395374 0.999104 0.0151078 -69.4032 -0.00726048 -0.014832 0.999864 1.80499
0.998849 -0.046297 0.0125152 175.352 0.0460212 0.998709 0.0214949 -69.3521 -0.0134942 -0.0208942 0.999691 1.79656
0.998385 -0.0514169 0.0241707 176.2 0.0506598 0.998236 0.0309562 -69.2883 -0.0257198 -0.0296817 0.999228 1.7801
0.997914 -0.0561623 0.0318327 177.051 0.0550441 0.997871 0.0349804 -69.2258 -0.0337295 -0.0331552 0.998881 1.77222
0.997767 -0.0595685 0.0302049 177.893 0.0586512 0.997816 0.0303952 -69.1694 -0.0319495 -0.0285558 0.999081 1.75806
0.997878 -0.0617896 0.0205367 178.742 0.0611431 0.997655 0.030745 -69.1201 -0.0223882 -0.0294241 0.999316 1.7664
0.997868 -0.0643426 0.0108968 179.566 0.0638821 0.997221 0.0383435 -69.0431 -0.0133337 -0.0375656 0.999205 1.75879
0.997768 -0.0664344 0.00673068 180.41 0.0661149 0.997013 0.0399152 -68.9721 -0.00936232 -0.0393811 0.99918 1.73956
0.997581 -0.068667 0.0107787 181.27 0.0682275 0.996987 0.0368955 -68.9186 -0.0132797 -0.0360709 0.999261 1.72741
0.997451 -0.0688326 0.0187967 182.119 0.0681242 0.997026 0.0360347 -68.864 -0.0212212 -0.0346623 0.999174 1.70485
0.997309 -0.069154 0.0243588 182.981 0.0681869 0.996929 0.0385156 -68.8055 -0.0269475 -0.036751 0.998961 1.69214
0.997194 -0.0706845 0.0246745 183.831 0.069798 0.996943 0.0351115 -68.7362 -0.0270809 -0.0332908 0.999079 1.68789
0.997237 -0.072391 0.0166927 184.676 0.0718964 0.997004 0.0285329 -68.674 -0.0187082 -0.0272539 0.999453 1.6784
0.997216 -0.0742859 0.00641049 185.512 0.0741441 0.997045 0.0200756 -68.6284 -0.00788288 -0.0195444 0.999778 1.67684
0.997104 -0.0760033 0.00256479 186.367 0.0759615 0.997017 0.0136651 -68.5711 -0.00359574 -0.0134307 0.999903 1.67811
0.996997 -0.0771955 0.00614371 187.231 0.0770436 0.996785 0.02198 -68.4922 -0.00782072 -0.0214406 0.99974 1.6713
0.996805 -0.0784486 0.0150458 188.093 0.0780057 0.996558 0.0280591 -68.419 -0.0171952 -0.0267958 0.999493 1.65526
0.996605 -0.0800062 0.0194234 188.951 0.079503 0.99651 0.0254303 -68.3439 -0.0213902 -0.0237997 0.999488 1.66161
0.996599 -0.0807002 0.0166767 189.784 0.0803183 0.996517 0.0224249 -68.2742 -0.0184283 -0.0210092 0.999609 1.66154
0.996694 -0.0804608 0.0112607 190.616 0.080193 0.996525 0.0224995 -68.2005 -0.0130319 -0.0215221 0.999683 1.6677
0.996679 -0.0808713 0.00957366 191.457 0.0805263 0.996234 0.0321592 -68.1153 -0.0121384 -0.0312815 0.999437 1.653
0.996616 -0.081293 0.012157 192.292 0.0808113 0.996082 0.0359198 -68.04 -0.0150294 -0.0348159 0.999281 1.64533
0.996517 -0.0820964 0.014663 193.128 0.0814269 0.995812 0.0415599 -67.9643 -0.0180135 -0.0402211 0.999028 1.64302
0.996468 -0.0822596 0.0168886 193.963 0.0814163 0.995632 0.0456878 -67.8904 -0.0205731 -0.0441515 0.998813 1.63521
0.996411 -0.0829728 0.0167587 194.794 0.0821438 0.995593 0.0452375 -67.8108 -0.0204383 -0.0436985 0.998836 1.62469
0.996429 -0.0833235 0.0136796 195.614 0.0826645 0.99564 0.0432072 -67.7402 -0.0172201 -0.041922 0.998972 1.62817
0.996389 -0.0844505 0.00879203 196.43 0.0839838 0.995486 0.0442145 -67.6614 -0.0124863 -0.0433164 0.998983 1.62672
0.996276 -0.0857287 0.00919648 197.237 0.0852058 0.99525 0.0470842 -67.5831 -0.0131893 -0.0461253 0.998849 1.63278
0.995982 -0.0878308 0.0175109 198.05 0.0868782 0.995 0.0492619 -67.5087 -0.02175 -0.0475426 0.998632 1.60997
